6 5 240 4 2
420 180
 1 34.430 -17.151 0 0 0 0 0 0 1000
 2 65.991 -49.829 20 10 2 1 4 1 2 4 8 211 530
 3 -36.938 -36.743 20 25 25 1 4 1 2 4 8 205 555
 4 -2.734 18.774 13 18 5 1 4 1 2 4 8 92 331
 5 31.116 -35.907 13 16 1 1 4 1 2 4 8 210 400
 6 2.789 8.008 17 14 18 1 4 1 2 4 8 295 640
 7 31.152 43.665 24 7 13 1 4 1 2 4 8 157 457
 8 -36.304 -21.307 15 9 15 1 4 1 2 4 8 79 402
 9 52.814 35.046 12 16 7 1 4 1 2 4 8 144 413
 10 11.267 20.660 20 24 4 1 4 1 2 4 8 83 392
 11 -0.623 23.114 20 6 20 1 4 1 2 4 8 195 482
 12 43.091 -12.360 3 22 18 1 4 1 2 4 8 80 321
 13 6.854 19.073 8 11 15 1 4 1 2 4 8 158 431
 14 -6.848 25.317 16 19 20 1 4 1 2 4 8 278 527
 15 -27.930 -23.712 20 20 9 1 4 1 2 4 8 175 491
 16 33.240 -30.487 21 20 21 1 4 1 2 4 8 187 389
 17 63.885 -52.881 23 16 15 1 4 1 2 4 8 216 564
 18 -13.672 -43.945 21 5 13 1 4 1 2 4 8 193 431
 19 -0.647 -27.502 3 21 20 1 4 1 2 4 8 175 451
 20 59.406 -49.261 19 19 9 1 4 1 2 4 8 62 288
 21 27.167 -5.713 20 18 20 1 4 1 2 4 8 216 492
 22 70.001 -20.844 7 22 15 1 4 1 2 4 8 268 587
 23 35.327 -65.167 14 19 3 1 4 1 2 4 8 217 537
 24 -14.386 -42.236 24 15 5 1 4 1 2 4 8 115 328
 25 19.366 30.273 3 24 2 1 4 1 2 4 8 175 432
 26 -39.789 10.101 13 20 18 1 4 1 2 4 8 226 563
 27 -15.753 -40.204 1 17 10 1 4 1 2 4 8 182 423
 28 -28.418 -40.503 5 20 19 1 4 1 2 4 8 251 503
 29 27.081 9.735 2 12 13 1 4 1 2 4 8 132 444
 30 22.205 -9.216 9 23 17 1 4 1 2 4 8 88 279
 31 -0.830 -6.525 18 15 6 1 4 1 2 4 8 190 540
 32 10.217 75.531 5 19 15 1 4 1 2 4 8 267 549
 33 7.446 18.500 12 23 24 1 4 1 2 4 8 267 567
 34 48.914 -20.294 11 9 25 1 4 1 2 4 8 192 533
 35 -18.958 -29.675 17 21 16 1 4 1 2 4 8 224 488
 36 16.815 -6.659 21 17 23 1 4 1 2 4 8 215 569
 37 2.509 -30.420 5 6 1 1 4 1 2 4 8 277 632
 38 15.424 4.913 5 10 25 1 4 1 2 4 8 226 438
 39 60.315 89.801 7 9 18 1 4 1 2 4 8 200 477
 40 40.405 -45.367 24 19 1 1 4 1 2 4 8 265 516
 41 -26.837 -54.272 1 17 7 1 4 1 2 4 8 147 462
 42 69.171 72.577 12 22 1 1 4 1 2 4 8 151 429
 43 -22.815 46.173 6 8 19 1 4 1 2 4 8 255 543
 44 -14.258 -30.249 5 25 12 1 4 1 2 4 8 285 529
 45 76.050 12.073 19 13 11 1 4 1 2 4 8 182 484
 46 63.043 60.022 23 1 16 1 4 1 2 4 8 128 372
 47 -20.239 -81.970 8 15 6 1 4 1 2 4 8 280 505
 48 -41.168 -42.023 1 16 3 1 4 1 2 4 8 122 428
 49 79.199 -29.016 20 20 18 1 4 1 2 4 8 288 566
 50 -20.728 -7.068 16 14 21 1 4 1 2 4 8 186 545
 51 -4.163 -53.497 8 2 9 1 4 1 2 4 8 141 329
 52 39.594 -40.460 16 5 24 1 4 1 2 4 8 86 371
 53 -47.125 -77.850 25 16 24 1 4 1 2 4 8 180 403
 54 -1.233 49.182 5 12 9 1 4 1 2 4 8 87 364
 55 -0.372 -27.264 10 1 18 1 4 1 2 4 8 120 406
 56 31.537 -8.722 24 15 17 1 4 1 2 4 8 210 537
 57 -0.134 -20.264 16 5 14 1 4 1 2 4 8 279 469
 58 66.394 -26.691 7 9 16 1 4 1 2 4 8 132 455
 59 6.104 -64.093 14 8 20 1 4 1 2 4 8 111 308
 60 13.544 -20.874 11 2 11 1 4 1 2 4 8 191 484
 61 54.211 -6.537 15 10 25 1 4 1 2 4 8 183 433
 62 22.046 -34.137 23 25 23 1 4 1 2 4 8 252 562
 63 -9.723 4.706 5 24 20 1 4 1 2 4 8 240 461
 64 -11.584 -46.857 16 7 24 1 4 1 2 4 8 272 583
 65 -2.905 -0.305 13 14 1 1 4 1 2 4 8 226 554
 66 13.837 -44.452 18 3 15 1 4 1 2 4 8 267 490
 67 17.480 27.747 14 23 8 1 4 1 2 4 8 247 500
 68 2.972 -43.689 3 21 7 1 4 1 2 4 8 164 492
 69 -44.354 -38.202 22 13 13 1 4 1 2 4 8 126 406
 70 -59.399 1.514 16 15 25 1 4 1 2 4 8 120 366
 71 -13.452 -75.531 16 14 3 1 4 1 2 4 8 279 532
 72 -5.518 -51.947 2 7 5 1 4 1 2 4 8 108 370
 73 -9.589 -26.880 19 20 6 1 4 1 2 4 8 247 475
 74 19.318 29.498 23 6 5 1 4 1 2 4 8 78 398
 75 26.245 36.743 6 24 17 1 4 1 2 4 8 216 466
 76 43.707 -28.033 11 17 2 1 4 1 2 4 8 215 436
 77 -52.026 -35.339 19 3 20 1 4 1 2 4 8 182 409
 78 -8.435 -0.116 3 15 6 1 4 1 2 4 8 185 496
 79 89.111 62.122 14 6 22 1 4 1 2 4 8 163 393
 80 6.067 -16.132 14 21 15 1 4 1 2 4 8 269 526
 81 27.094 -5.103 19 25 9 1 4 1 2 4 8 200 397
 82 27.527 -15.344 3 18 19 1 4 1 2 4 8 158 399
 83 42.511 32.056 18 1 15 1 4 1 2 4 8 196 474
 84 25.311 12.689 24 19 25 1 4 1 2 4 8 208 388
 85 47.778 -12.769 6 17 10 1 4 1 2 4 8 248 514
 86 -3.143 -13.837 1 20 14 1 4 1 2 4 8 227 456
 87 12.482 -78.101 3 1 17 1 4 1 2 4 8 76 312
 88 -21.039 -3.430 15 13 19 1 4 1 2 4 8 106 444
 89 -3.149 -55.432 18 25 9 1 4 1 2 4 8 135 432
 90 53.009 84.900 5 16 2 1 4 1 2 4 8 249 564
 91 35.638 -47.552 23 5 9 1 4 1 2 4 8 131 470
 92 43.427 -18.439 10 18 18 1 4 1 2 4 8 113 431
 93 6.598 -54.578 20 17 24 1 4 1 2 4 8 158 342
 94 87.952 94.012 11 15 3 1 4 1 2 4 8 245 428
 95 39.105 -48.743 16 13 10 1 4 1 2 4 8 192 487
 96 -48.340 -26.477 15 15 20 1 4 1 2 4 8 138 352
 97 72.003 -9.253 19 2 1 1 4 1 2 4 8 263 498
 98 -37.732 3.351 4 1 14 1 4 1 2 4 8 177 373
 99 -65.967 -36.749 14 9 1 1 4 1 2 4 8 176 406
 100 -16.669 -35.284 23 16 21 1 4 1 2 4 8 212 394
 101 10.742 -4.669 11 6 25 1 4 1 2 4 8 132 476
 102 15.594 -5.817 21 18 10 1 4 1 2 4 8 183 533
 103 21.606 -18.109 14 24 19 1 4 1 2 4 8 160 424
 104 9.784 49.280 16 24 24 1 4 1 2 4 8 106 336
 105 94.147 -4.492 25 9 19 1 4 1 2 4 8 204 532
 106 10.382 -16.302 17 19 7 1 4 1 2 4 8 297 488
 107 -1.453 -0.861 16 12 21 1 4 1 2 4 8 189 520
 108 -6.219 25.305 13 22 9 1 4 1 2 4 8 114 374
 109 -6.250 10.217 23 13 11 1 4 1 2 4 8 263 578
 110 -17.444 -70.795 10 20 21 1 4 1 2 4 8 143 384
 111 -55.090 -43.854 2 25 2 1 4 1 2 4 8 282 535
 112 -9.442 23.724 15 1 2 1 4 1 2 4 8 137 494
 113 8.978 35.406 14 24 15 1 4 1 2 4 8 160 473
 114 -16.754 -0.812 22 10 16 1 4 1 2 4 8 271 520
 115 66.852 -37.842 15 22 13 1 4 1 2 4 8 183 415
 116 14.716 -23.724 16 14 15 1 4 1 2 4 8 162 408
 117 33.472 20.026 12 12 3 1 4 1 2 4 8 255 453
 118 66.394 -70.111 14 23 15 1 4 1 2 4 8 114 327
 119 -5.664 8.881 15 14 18 1 4 1 2 4 8 274 613
 120 -5.103 -46.729 11 23 17 1 4 1 2 4 8 241 497
 121 -8.826 55.743 11 25 16 1 4 1 2 4 8 163 476
 122 5.847 -3.186 4 5 7 1 4 1 2 4 8 228 435
 123 -25.726 -37.695 23 7 21 1 4 1 2 4 8 295 537
 124 -15.363 -24.548 13 25 22 1 4 1 2 4 8 201 391
 125 43.793 -11.102 22 11 23 1 4 1 2 4 8 102 437
 126 17.664 -25.604 17 18 3 1 4 1 2 4 8 182 457
 127 -39.624 54.883 2 18 16 1 4 1 2 4 8 202 472
 128 -24.554 -43.225 5 1 25 1 4 1 2 4 8 275 523
 129 -26.892 -12.738 14 7 14 1 4 1 2 4 8 288 473
 130 34.155 -38.458 1 22 18 1 4 1 2 4 8 262 480
 131 -47.314 -29.468 13 7 13 1 4 1 2 4 8 272 468
 132 49.365 -25.592 8 3 15 1 4 1 2 4 8 274 481
 133 3.705 -16.449 24 18 5 1 4 1 2 4 8 68 362
 134 22.430 -23.273 12 8 16 1 4 1 2 4 8 260 597
 135 -37.549 -29.608 23 6 25 1 4 1 2 4 8 211 465
 136 25.549 3.674 1 7 25 1 4 1 2 4 8 157 458
 137 -15.216 3.284 2 20 14 1 4 1 2 4 8 137 444
 138 -12.939 -7.495 8 10 23 1 4 1 2 4 8 158 436
 139 -22.107 26.434 18 2 23 1 4 1 2 4 8 166 407
 140 -17.944 7.733 14 3 14 1 4 1 2 4 8 106 465
 141 -21.234 14.490 23 10 15 1 4 1 2 4 8 170 371
 142 3.503 -19.708 14 5 19 1 4 1 2 4 8 298 572
 143 32.599 -14.935 4 25 15 1 4 1 2 4 8 254 559
 144 -5.737 -28.296 24 23 3 1 4 1 2 4 8 75 351
 145 -6.128 -39.624 9 21 10 1 4 1 2 4 8 257 463
 146 -2.460 12.817 15 13 7 1 4 1 2 4 8 84 381
 147 -6.470 8.466 10 1 7 1 4 1 2 4 8 64 250
 148 -37.891 -36.115 3 11 14 1 4 1 2 4 8 279 468
 149 10.852 -18.750 12 6 22 1 4 1 2 4 8 154 415
 150 50.104 8.636 6 9 1 1 4 1 2 4 8 253 611
 151 46.844 4.712 1 17 5 1 4 1 2 4 8 60 374
 152 19.598 -10.406 24 13 14 1 4 1 2 4 8 214 572
 153 -38.947 52.942 3 23 25 1 4 1 2 4 8 183 429
 154 -0.641 -21.289 4 19 22 1 4 1 2 4 8 78 417
 155 40.906 -33.765 7 11 20 1 4 1 2 4 8 294 582
 156 -0.574 -62.299 21 12 23 1 4 1 2 4 8 277 500
 157 -9.778 26.794 1 18 14 1 4 1 2 4 8 178 470
 158 34.265 -23.895 24 25 11 1 4 1 2 4 8 299 541
 159 29.572 -24.561 5 13 2 1 4 1 2 4 8 69 360
 160 16.376 -58.887 23 24 1 1 4 1 2 4 8 250 469
 161 61.877 -15.167 5 5 16 1 4 1 2 4 8 90 343
 162 40.088 -9.625 17 14 19 1 4 1 2 4 8 263 600
 163 0.122 -4.645 24 18 22 1 4 1 2 4 8 198 438
 164 -8.929 -43.903 23 25 10 1 4 1 2 4 8 141 384
 165 -7.135 -57.434 3 11 19 1 4 1 2 4 8 69 397
 166 7.550 -21.210 5 18 18 1 4 1 2 4 8 78 367
 167 3.949 7.300 22 23 19 1 4 1 2 4 8 199 457
 168 -15.118 92.023 9 22 7 1 4 1 2 4 8 281 629
 169 84.821 -24.518 23 20 15 1 4 1 2 4 8 287 594
 170 -52.325 30.682 15 11 6 1 4 1 2 4 8 91 429
 171 7.538 13.818 15 11 24 1 4 1 2 4 8 260 577
 172 -21.484 30.359 11 19 12 1 4 1 2 4 8 194 441
 173 36.047 29.883 20 13 8 1 4 1 2 4 8 248 578
 174 12.781 -40.942 10 24 22 1 4 1 2 4 8 106 306
 175 -17.291 -10.254 24 6 22 1 4 1 2 4 8 295 606
 176 -10.541 12.402 10 5 7 1 4 1 2 4 8 70 388
 177 -15.845 -59.460 6 24 20 1 4 1 2 4 8 222 487
 178 29.266 -2.222 22 7 17 1 4 1 2 4 8 239 446
 179 -12.598 -58.929 25 13 5 1 4 1 2 4 8 161 347
 180 -17.303 -35.297 11 25 5 1 4 1 2 4 8 294 639
 181 57.050 -50.354 6 15 24 1 4 1 2 4 8 261 509
 182 26.941 17.444 9 15 12 1 4 1 2 4 8 70 411
 183 -6.195 -8.881 6 16 5 1 4 1 2 4 8 101 434
 184 16.980 -16.321 12 5 19 1 4 1 2 4 8 222 518
 185 83.710 -32.520 4 15 18 1 4 1 2 4 8 133 325
 186 12.451 34.589 24 24 20 1 4 1 2 4 8 172 414
 187 15.057 67.004 18 15 13 1 4 1 2 4 8 181 413
 188 25.818 -5.835 3 9 2 1 4 1 2 4 8 286 566
 189 13.666 -14.832 18 19 16 1 4 1 2 4 8 192 468
 190 48.322 -5.164 17 15 2 1 4 1 2 4 8 232 420
 191 13.489 19.739 23 2 12 1 4 1 2 4 8 189 427
 192 -18.512 65.405 10 3 25 1 4 1 2 4 8 232 437
 193 17.554 38.379 22 18 25 1 4 1 2 4 8 60 303
 194 37.775 -16.003 5 20 17 1 4 1 2 4 8 281 614
 195 47.968 -30.310 16 14 16 1 4 1 2 4 8 215 400
 196 38.806 36.243 10 10 1 1 4 1 2 4 8 207 427
 197 -16.089 -42.841 10 6 13 1 4 1 2 4 8 150 344
 198 28.656 -1.990 9 17 10 1 4 1 2 4 8 201 400
 199 -5.859 -1.862 5 20 24 1 4 1 2 4 8 250 470
 200 60.516 63.416 9 3 17 1 4 1 2 4 8 134 470
 201 63.196 -47.766 12 14 6 1 4 1 2 4 8 293 493
 202 -15.308 -23.285 16 12 17 1 4 1 2 4 8 168 383
 203 -2.875 0.787 8 2 14 1 4 1 2 4 8 223 492
 204 32.056 -10.175 1 11 11 1 4 1 2 4 8 260 542
 205 -18.634 -25.665 1 16 6 1 4 1 2 4 8 240 577
 206 -3.632 25.433 18 18 24 1 4 1 2 4 8 103 363
 207 10.480 22.888 22 14 1 1 4 1 2 4 8 262 542
 208 1.819 -3.009 20 6 23 1 4 1 2 4 8 231 566
 209 -25.275 -12.183 4 12 13 1 4 1 2 4 8 144 394
 210 56.927 -75.507 15 21 24 1 4 1 2 4 8 296 551
 211 13.885 -36.230 7 1 6 1 4 1 2 4 8 195 383
 212 32.520 -29.523 25 18 22 1 4 1 2 4 8 60 300
 213 4.803 -7.288 3 17 9 1 4 1 2 4 8 290 513
 214 11.365 -8.344 22 15 18 1 4 1 2 4 8 72 361
 215 17.126 -24.646 5 4 12 1 4 1 2 4 8 224 517
 216 -33.661 -41.241 1 18 6 1 4 1 2 4 8 105 453
 217 -32.391 -50.885 9 22 13 1 4 1 2 4 8 74 411
 218 23.041 -14.496 16 16 11 1 4 1 2 4 8 280 538
 219 -21.857 -39.502 23 14 15 1 4 1 2 4 8 127 403
 220 32.013 77.332 5 25 3 1 4 1 2 4 8 291 606
 221 13.831 -76.190 5 15 14 1 4 1 2 4 8 68 307
 222 -8.051 -21.179 6 6 18 1 4 1 2 4 8 217 525
 223 25.391 46.613 16 7 17 1 4 1 2 4 8 119 376
 224 49.536 -54.639 25 21 15 1 4 1 2 4 8 269 461
 225 63.416 -8.636 1 3 6 1 4 1 2 4 8 226 456
 226 2.301 -5.536 25 15 4 1 4 1 2 4 8 298 552
 227 52.423 29.895 17 24 8 1 4 1 2 4 8 227 528
 228 9.296 -16.254 11 2 12 1 4 1 2 4 8 266 607
 229 34.845 -96.185 24 17 20 1 4 1 2 4 8 206 476
 230 -21.063 -41.498 10 2 20 1 4 1 2 4 8 117 447
 231 28.448 10.242 12 25 18 1 4 1 2 4 8 132 489
 232 16.254 -22.583 17 15 18 1 4 1 2 4 8 216 536
 233 -36.639 -34.033 18 3 21 1 4 1 2 4 8 154 461
 234 -27.356 -50.177 5 1 23 1 4 1 2 4 8 99 307
 235 -53.705 11.334 16 1 12 1 4 1 2 4 8 166 420
 236 26.276 -5.994 9 20 16 1 4 1 2 4 8 68 259
 237 -31.519 34.589 6 19 6 1 4 1 2 4 8 251 560
 238 -14.612 -31.506 1 2 11 1 4 1 2 4 8 225 467
 239 -4.242 -30.865 4 9 25 1 4 1 2 4 8 134 451
 240 -18.524 -29.486 20 4 24 1 4 1 2 4 8 66 334
 241 -17.133 -19.397 19 16 11 1 4 1 2 4 8 232 421
