5 10 144 6 2
475 190
 1 -12.167 -0.086 0 0 0 0 0 0 1000
 2 -40.289 -42.303 6 20 19 6 1 63 399 560
 3 -64.709 -17.389 3 10 2 6 1 63 463 571
 4 5.060 -14.349 23 8 8 6 1 63 391 505
 5 72.095 20.233 1 6 22 6 1 63 262 437
 6 2.594 -15.002 18 1 9 6 1 63 102 223
 7 -24.176 -72.894 8 19 15 6 1 63 330 475
 8 -13.190 66.498 2 13 25 6 1 63 248 416
 9 33.191 13.690 9 24 11 6 1 63 333 468
 10 66.827 -30.554 1 15 21 6 1 63 274 379
 11 19.934 35.883 20 13 13 6 1 63 379 472
 12 -27.771 32.269 23 10 25 6 1 63 214 340
 13 51.154 -16.827 22 4 6 6 1 63 232 323
 14 -19.214 23.749 24 12 19 6 1 63 401 507
 15 -46.643 -52.954 21 21 4 6 1 63 213 380
 16 -10.590 -16.626 18 2 10 6 1 63 366 518
 17 35.150 12.622 21 10 13 6 1 63 427 594
 18 -37.378 12.256 7 20 13 6 1 63 166 284
 19 82.794 25.836 4 9 20 6 1 63 184 292
 20 8.936 -3.723 21 24 21 6 1 63 462 627
 21 -56.659 25.555 13 19 20 6 1 63 118 245
 22 -52.020 -40.137 18 13 5 6 1 63 388 514
 23 39.270 12.787 4 14 24 6 1 63 72 209
 24 19.757 21.228 3 17 17 6 1 63 432 542
 25 -23.071 -12.659 12 25 8 6 1 63 288 401
 26 15.686 52.374 5 1 3 6 1 63 142 258
 27 58.771 -7.056 8 9 24 6 1 63 220 358
 28 -33.087 72.266 14 12 19 6 1 63 406 577
 29 2.551 46.851 10 22 20 6 1 63 414 578
 30 -18.719 73.126 14 2 24 6 1 63 108 242
 31 -67.627 -20.679 19 21 24 6 1 63 104 233
 32 -76.862 -11.365 20 8 6 6 1 63 264 388
 33 -24.194 -38.263 21 19 5 6 1 63 153 273
 34 -20.374 -31.903 11 24 13 6 1 63 421 519
 35 9.290 39.618 14 24 8 6 1 63 211 357
 36 26.044 35.974 6 2 8 6 1 63 398 554
 37 -57.385 -45.264 7 20 15 6 1 63 145 252
 38 1.489 -62.592 3 20 25 3 2 21 42 147 245
 39 34.937 13.672 22 5 9 3 2 21 42 74 231
 40 -22.290 45.648 21 17 20 3 2 21 42 317 416
 41 -5.920 44.061 12 4 11 3 2 21 42 235 387
 42 -38.446 -23.541 1 21 22 3 2 21 42 479 576
 43 28.894 33.936 11 3 24 3 2 21 42 472 570
 44 -35.388 -5.341 12 16 17 3 2 21 42 141 287
 45 -19.501 13.519 19 14 16 3 2 21 42 171 273
 46 -9.216 -30.988 8 6 8 3 2 21 42 327 449
 47 -22.131 -17.065 11 5 22 3 2 21 42 98 223
 48 -22.827 36.810 18 12 21 3 2 21 42 366 515
 49 -61.365 -18.463 6 23 12 3 2 21 42 244 360
 50 50.128 -66.046 3 12 24 3 2 21 42 256 375
 51 25.647 24.139 6 18 10 3 2 21 42 174 264
 52 65.521 42.810 10 24 13 3 2 21 42 312 440
 53 -60.956 -47.925 7 3 4 3 2 21 42 197 313
 54 -9.070 42.798 17 3 10 3 2 21 42 66 187
 55 -19.061 4.480 12 25 21 3 2 21 42 175 303
 56 -54.071 -3.870 11 22 14 3 2 21 42 300 396
 57 -25.598 -18.866 15 25 10 3 2 21 42 181 344
 58 -18.707 84.296 6 15 10 3 2 21 42 106 282
 59 -70.184 -39.166 13 18 12 3 2 21 42 235 348
 60 -14.636 -0.446 3 8 22 3 2 21 42 416 591
 61 -76.465 -38.922 23 20 16 3 2 21 42 399 554
 62 44.092 12.433 24 18 1 3 2 21 42 430 555
 63 -22.772 -50.867 22 5 3 3 2 21 42 132 260
 64 19.104 44.672 11 25 25 3 2 21 42 65 198
 65 -44.019 -39.935 24 16 14 3 2 21 42 280 373
 66 -2.972 -4.059 8 14 7 3 2 21 42 323 465
 67 -24.261 35.907 22 1 12 3 2 21 42 323 496
 68 -61.877 -73.901 11 15 2 3 2 21 42 409 522
 69 -5.640 -26.721 6 22 4 3 2 21 42 113 227
 70 45.844 -36.835 10 6 23 3 2 21 42 297 427
 71 -51.746 -79.840 10 24 18 3 2 21 42 411 575
 72 -33.008 10.992 20 19 22 3 2 21 42 453 590
 73 -25.653 -0.372 2 12 10 3 2 21 42 119 228
 74 -21.497 61.487 18 13 9 2 3 9 18 36 249 395
 75 2.032 26.727 8 10 13 2 3 9 18 36 67 218
 76 -26.758 14.807 13 12 9 2 3 9 18 36 224 325
 77 -37.256 -44.861 8 13 12 2 3 9 18 36 302 478
 78 -0.861 -16.418 8 25 7 2 3 9 18 36 88 225
 79 -51.160 34.967 18 12 1 2 3 9 18 36 338 458
 80 -41.266 -76.886 17 2 4 2 3 9 18 36 109 262
 81 -30.255 74.701 10 11 15 2 3 9 18 36 248 379
 82 -46.368 -1.514 23 10 2 2 3 9 18 36 318 476
 83 -71.619 73.077 3 9 13 2 3 9 18 36 263 362
 84 -46.606 -39.948 25 21 14 2 3 9 18 36 145 268
 85 -30.243 67.102 4 14 23 2 3 9 18 36 141 261
 86 -40.997 -43.036 25 15 13 2 3 9 18 36 452 542
 87 -74.286 -52.307 5 6 11 2 3 9 18 36 172 288
 88 -17.609 -71.851 9 25 6 2 3 9 18 36 98 254
 89 2.350 -81.805 18 14 18 2 3 9 18 36 452 552
 90 -85.486 -54.059 16 17 25 2 3 9 18 36 331 437
 91 23.822 10.571 16 8 18 2 3 9 18 36 302 402
 92 -24.530 -31.726 22 4 19 2 3 9 18 36 327 439
 93 -42.474 -15.009 2 17 6 2 3 9 18 36 329 495
 94 -33.624 50.330 22 23 21 2 3 9 18 36 115 209
 95 -81.458 -41.565 11 4 25 2 3 9 18 36 207 299
 96 -73.505 -48.279 24 4 14 2 3 9 18 36 75 253
 97 -3.052 70.898 17 9 6 2 3 9 18 36 124 221
 98 0.946 25.458 12 9 14 2 3 9 18 36 236 335
 99 -54.144 13.525 1 19 1 2 3 9 18 36 216 335
 100 -30.634 7.526 23 12 14 2 3 9 18 36 329 490
 101 -68.335 -34.277 4 25 16 2 3 9 18 36 93 204
 102 7.178 57.935 15 8 20 2 3 9 18 36 446 622
 103 4.712 48.669 15 13 12 2 3 9 18 36 308 420
 104 58.087 26.379 12 3 19 2 3 9 18 36 329 489
 105 18.347 34.784 21 6 6 2 3 9 18 36 307 423
 106 -44.629 -61.975 21 11 2 2 3 9 18 36 81 174
 107 5.231 26.068 15 24 15 2 3 9 18 36 209 334
 108 -48.065 -36.755 21 16 8 2 3 9 18 36 319 430
 109 -3.589 -27.734 19 21 12 2 3 9 18 36 78 251
 110 9.808 36.896 11 25 23 1 6 1 2 4 8 16 32 367 509
 111 59.460 1.233 3 10 24 1 6 1 2 4 8 16 32 268 399
 112 -47.522 19.873 12 2 12 1 6 1 2 4 8 16 32 473 638
 113 -48.431 -50.317 4 13 15 1 6 1 2 4 8 16 32 287 466
 114 44.666 20.953 2 14 17 1 6 1 2 4 8 16 32 377 486
 115 -19.226 32.770 9 19 14 1 6 1 2 4 8 16 32 181 312
 116 -15.662 17.462 21 16 17 1 6 1 2 4 8 16 32 182 304
 117 -91.669 77.722 17 23 8 1 6 1 2 4 8 16 32 191 312
 118 -30.035 -78.284 22 13 24 1 6 1 2 4 8 16 32 76 223
 119 73.663 32.941 24 24 25 1 6 1 2 4 8 16 32 184 296
 120 22.400 -60.083 2 17 24 1 6 1 2 4 8 16 32 232 376
 121 61.206 -13.501 25 8 20 1 6 1 2 4 8 16 32 478 581
 122 22.131 -50.012 21 12 18 1 6 1 2 4 8 16 32 368 543
 123 -6.317 56.665 11 6 12 1 6 1 2 4 8 16 32 96 227
 124 -20.471 12.885 23 20 5 1 6 1 2 4 8 16 32 308 475
 125 -61.084 -44.769 4 20 12 1 6 1 2 4 8 16 32 393 516
 126 -9.576 -19.366 1 24 9 1 6 1 2 4 8 16 32 160 260
 127 5.627 -88.501 15 10 2 1 6 1 2 4 8 16 32 403 559
 128 -2.618 22.131 20 18 25 1 6 1 2 4 8 16 32 226 373
 129 40.497 32.343 8 10 4 1 6 1 2 4 8 16 32 268 435
 130 -3.296 36.774 4 15 23 1 6 1 2 4 8 16 32 80 171
 131 -50.995 19.781 12 12 16 1 6 1 2 4 8 16 32 353 488
 132 -70.520 -3.809 23 22 19 1 6 1 2 4 8 16 32 277 436
 133 4.205 0.812 25 11 14 1 6 1 2 4 8 16 32 222 369
 134 9.955 26.337 5 14 22 1 6 1 2 4 8 16 32 279 429
 135 13.538 -21.313 15 9 9 1 6 1 2 4 8 16 32 204 376
 136 -21.869 -18.768 2 6 21 1 6 1 2 4 8 16 32 245 423
 137 -37.158 -30.768 22 23 3 1 6 1 2 4 8 16 32 68 218
 138 -86.975 10.345 16 8 12 1 6 1 2 4 8 16 32 264 356
 139 -47.272 -46.326 23 22 10 1 6 1 2 4 8 16 32 469 587
 140 4.095 -19.354 13 7 17 1 6 1 2 4 8 16 32 70 228
 141 4.205 30.292 7 15 3 1 6 1 2 4 8 16 32 425 600
 142 -42.017 53.986 20 22 6 1 6 1 2 4 8 16 32 374 550
 143 35.095 -10.895 25 7 20 1 6 1 2 4 8 16 32 274 367
 144 61.188 -59.875 12 14 10 1 6 1 2 4 8 16 32 448 589
 145 -34.674 -1.337 9 21 15 1 6 1 2 4 8 16 32 421 599
