6 6 288 4 2
400 175
 1 2.277 7.840 0 0 0 0 0 0 1000
 2 -66.174 -37.811 13 19 23 1 4 1 2 4 8 94 327
 3 2.673 -35.223 16 21 13 1 4 1 2 4 8 206 531
 4 38.751 8.618 1 17 7 1 4 1 2 4 8 294 651
 5 62.653 20.667 9 6 23 1 4 1 2 4 8 261 563
 6 60.974 -6.110 20 6 1 1 4 1 2 4 8 85 406
 7 -98.535 -39.532 2 19 18 1 4 1 2 4 8 87 309
 8 8.411 -81.274 5 17 17 1 4 1 2 4 8 104 439
 9 -14.569 26.056 10 19 12 1 4 1 2 4 8 226 449
 10 -34.186 -76.697 10 2 25 1 4 1 2 4 8 270 551
 11 55.145 -33.911 25 3 22 1 4 1 2 4 8 268 599
 12 15.869 8.716 2 24 17 1 4 1 2 4 8 127 351
 13 -63.416 -20.282 5 5 5 1 4 1 2 4 8 139 340
 14 -9.357 -42.212 16 9 1 1 4 1 2 4 8 126 481
 15 -53.619 3.729 24 20 25 1 4 1 2 4 8 192 453
 16 53.491 -3.308 7 19 11 1 4 1 2 4 8 155 467
 17 -22.614 -32.794 19 20 16 1 4 1 2 4 8 195 379
 18 39.612 -1.550 15 4 3 1 4 1 2 4 8 151 403
 19 16.705 -22.748 7 3 14 1 4 1 2 4 8 298 578
 20 -51.245 -13.757 16 2 17 1 4 1 2 4 8 272 490
 21 -29.907 14.380 20 23 17 1 4 1 2 4 8 221 529
 22 -70.441 -27.911 21 6 22 1 4 1 2 4 8 196 544
 23 -75.385 -30.811 7 17 7 1 4 1 2 4 8 219 411
 24 10.590 -28.931 17 17 3 1 4 1 2 4 8 73 332
 25 86.340 -45.935 11 3 20 1 4 1 2 4 8 82 303
 26 3.864 34.583 6 16 12 1 4 1 2 4 8 282 630
 27 -37.598 -42.114 4 15 16 1 4 1 2 4 8 195 550
 28 69.440 1.379 16 23 2 1 4 1 2 4 8 128 405
 29 -13.818 1.245 8 15 1 1 4 1 2 4 8 186 537
 30 -27.124 -38.037 13 12 21 1 4 1 2 4 8 72 335
 31 -69.348 -14.734 25 19 17 1 4 1 2 4 8 178 512
 32 58.575 29.346 16 23 23 1 4 1 2 4 8 180 433
 33 58.105 31.702 2 10 5 1 4 1 2 4 8 144 430
 34 -62.250 -16.425 12 23 15 1 4 1 2 4 8 113 400
 35 -66.382 13.586 12 22 12 1 4 1 2 4 8 226 465
 36 68.030 -12.482 14 4 23 1 4 1 2 4 8 66 411
 37 -30.701 -41.681 16 5 24 1 4 1 2 4 8 173 357
 38 -55.389 -51.050 9 1 17 1 4 1 2 4 8 283 573
 39 36.237 -2.655 16 11 9 1 4 1 2 4 8 261 489
 40 -1.215 5.591 2 20 14 1 4 1 2 4 8 254 446
 41 10.278 -23.950 21 25 16 1 4 1 2 4 8 179 538
 42 -7.159 36.859 7 18 19 1 4 1 2 4 8 253 440
 43 -90.204 61.169 3 4 21 1 4 1 2 4 8 165 524
 44 46.368 65.082 5 10 19 1 4 1 2 4 8 72 425
 45 13.348 31.372 12 17 14 1 4 1 2 4 8 142 452
 46 -73.566 -28.839 9 7 22 1 4 1 2 4 8 277 564
 47 -41.528 -37.097 11 4 9 1 4 1 2 4 8 203 439
 48 -60.938 -27.246 17 3 15 1 4 1 2 4 8 97 402
 49 38.312 54.376 10 12 20 1 4 1 2 4 8 96 340
 50 26.306 11.975 5 13 9 1 4 1 2 4 8 155 513
 51 10.297 -48.346 3 24 10 1 4 1 2 4 8 96 340
 52 52.417 -28.363 1 16 13 1 4 1 2 4 8 85 280
 53 -43.756 -39.343 3 2 4 1 4 1 2 4 8 212 448
 54 49.316 11.395 5 7 13 1 4 1 2 4 8 197 488
 55 45.593 4.346 25 15 13 1 4 1 2 4 8 101 359
 56 -25.989 -15.814 14 12 16 1 4 1 2 4 8 104 337
 57 65.253 -59.631 4 15 5 1 4 1 2 4 8 243 511
 58 12.109 -34.387 14 17 5 1 4 1 2 4 8 129 329
 59 12.390 -16.254 20 16 16 1 4 1 2 4 8 267 563
 60 0.525 69.611 5 1 11 1 4 1 2 4 8 81 325
 61 -8.679 7.770 22 9 8 1 4 1 2 4 8 264 512
 62 41.467 -35.016 17 4 9 1 4 1 2 4 8 243 563
 63 11.859 -34.973 19 3 4 1 4 1 2 4 8 256 508
 64 -1.306 -58.063 9 1 24 1 4 1 2 4 8 155 423
 65 6.024 -31.018 16 4 20 1 4 1 2 4 8 298 478
 66 1.788 -32.544 19 6 4 1 4 1 2 4 8 234 577
 67 29.272 -6.494 11 1 20 1 4 1 2 4 8 218 552
 68 23.950 10.742 6 19 1 1 4 1 2 4 8 164 417
 69 -65.887 40.912 23 1 9 1 4 1 2 4 8 276 592
 70 -10.095 26.257 24 2 25 1 4 1 2 4 8 291 642
 71 58.093 67.352 21 25 2 1 4 1 2 4 8 69 277
 72 90.015 9.485 16 4 23 1 4 1 2 4 8 181 429
 73 -6.622 15.216 15 4 25 1 4 1 2 4 8 81 286
 74 -2.875 -42.841 23 13 9 1 4 1 2 4 8 121 406
 75 -37.714 -7.306 22 18 24 1 4 1 2 4 8 71 361
 76 44.171 -11.224 21 9 22 1 4 1 2 4 8 178 408
 77 -58.704 -2.808 21 5 2 1 4 1 2 4 8 170 410
 78 -3.912 10.071 21 12 24 1 4 1 2 4 8 215 509
 79 -41.370 -1.495 7 22 2 1 4 1 2 4 8 288 594
 80 58.179 27.563 15 9 18 1 4 1 2 4 8 261 516
 81 -63.861 26.147 15 11 3 1 4 1 2 4 8 119 422
 82 -56.793 -15.918 16 6 10 1 4 1 2 4 8 90 434
 83 22.217 -27.509 13 19 6 1 4 1 2 4 8 143 325
 84 -1.031 -14.838 22 10 12 1 4 1 2 4 8 277 513
 85 -57.703 -10.480 1 1 18 1 4 1 2 4 8 144 324
 86 80.847 6.299 22 10 20 1 4 1 2 4 8 221 554
 87 2.887 10.822 24 20 21 1 4 1 2 4 8 219 575
 88 -37.390 -7.800 6 18 12 1 4 1 2 4 8 226 459
 89 -33.600 -26.740 5 1 19 1 4 1 2 4 8 63 391
 90 95.197 24.231 14 11 10 1 4 1 2 4 8 218 419
 91 -13.904 29.327 19 20 14 1 4 1 2 4 8 72 352
 92 -53.461 9.296 16 12 10 1 4 1 2 4 8 291 473
 93 67.578 13.007 20 17 2 1 4 1 2 4 8 281 545
 94 -83.881 -53.265 12 16 11 1 4 1 2 4 8 218 399
 95 30.255 -72.430 7 3 19 1 4 1 2 4 8 214 527
 96 -22.333 -20.538 23 14 6 1 4 1 2 4 8 230 555
 97 3.741 -35.461 9 12 2 1 4 1 2 4 8 211 395
 98 -20.093 -43.982 19 9 11 1 4 1 2 4 8 207 524
 99 -47.687 -21.100 17 1 18 1 4 1 2 4 8 108 463
 100 -20.447 -13.849 1 7 5 1 4 1 2 4 8 62 411
 101 34.515 3.967 25 7 5 1 4 1 2 4 8 159 370
 102 20.514 -11.884 12 5 11 1 4 1 2 4 8 145 462
 103 -46.039 -22.565 15 9 1 1 4 1 2 4 8 85 341
 104 -39.630 25.385 16 15 6 1 4 1 2 4 8 122 434
 105 -1.025 50.433 10 4 11 1 4 1 2 4 8 163 506
 106 -28.632 23.486 24 10 4 1 4 1 2 4 8 195 481
 107 -52.997 -16.248 24 21 9 1 4 1 2 4 8 244 446
 108 -3.345 -22.955 18 2 14 1 4 1 2 4 8 248 529
 109 -62.640 -26.349 21 6 23 1 4 1 2 4 8 141 344
 110 25.403 0.531 21 1 23 1 4 1 2 4 8 63 412
 111 -29.895 72.919 17 23 19 1 4 1 2 4 8 150 333
 112 26.630 1.971 7 24 19 1 4 1 2 4 8 255 564
 113 -9.814 35.004 14 16 8 1 4 1 2 4 8 108 309
 114 -7.758 -42.426 8 18 12 1 4 1 2 4 8 128 388
 115 28.918 -7.117 2 1 4 1 4 1 2 4 8 67 401
 116 47.693 36.108 18 1 24 1 4 1 2 4 8 259 466
 117 -53.168 5.206 10 21 5 1 4 1 2 4 8 265 596
 118 17.560 13.214 17 8 14 1 4 1 2 4 8 244 488
 119 6.836 -2.496 20 22 22 1 4 1 2 4 8 125 479
 120 -17.322 97.260 9 23 16 1 4 1 2 4 8 136 337
 121 22.406 26.532 25 11 17 1 4 1 2 4 8 197 414
 122 -73.090 -13.251 6 15 20 1 4 1 2 4 8 87 286
 123 -64.996 -4.578 16 14 11 1 4 1 2 4 8 286 630
 124 -34.906 -43.903 11 16 6 1 4 1 2 4 8 262 557
 125 -92.346 -4.517 9 25 2 1 4 1 2 4 8 95 299
 126 0.647 -8.496 9 12 15 1 4 1 2 4 8 62 373
 127 5.048 -37.323 18 9 1 1 4 1 2 4 8 174 355
 128 -19.080 -14.178 10 20 1 1 4 1 2 4 8 194 538
 129 -71.704 -11.450 11 22 5 1 4 1 2 4 8 147 420
 130 -45.581 -28.717 14 13 12 1 4 1 2 4 8 141 353
 131 -28.351 -23.914 15 24 20 1 4 1 2 4 8 182 497
 132 -16.486 30.920 19 13 15 1 4 1 2 4 8 72 345
 133 -83.423 -20.935 25 4 21 1 4 1 2 4 8 250 442
 134 -12.054 -20.612 10 22 3 1 4 1 2 4 8 241 514
 135 -7.184 -63.721 11 18 19 1 4 1 2 4 8 279 472
 136 34.546 -8.881 11 25 9 1 4 1 2 4 8 195 477
 137 -4.865 73.694 25 19 14 1 4 1 2 4 8 61 246
 138 -36.005 -3.876 14 8 2 1 4 1 2 4 8 195 550
 139 -28.400 -21.820 20 13 19 1 4 1 2 4 8 99 367
 140 -56.281 -15.112 7 1 19 1 4 1 2 4 8 205 509
 141 -11.017 42.151 1 1 5 1 4 1 2 4 8 94 413
 142 -63.092 -62.573 15 5 15 1 4 1 2 4 8 68 402
 143 29.486 79.944 2 2 18 1 4 1 2 4 8 88 294
 144 -65.674 -0.238 7 22 23 1 4 1 2 4 8 286 627
 145 46.130 -20.416 21 3 18 1 4 1 2 4 8 268 494
 146 1.575 -16.364 19 2 15 1 4 1 2 4 8 78 326
 147 40.277 -1.379 17 6 24 1 4 1 2 4 8 94 403
 148 -15.271 42.249 23 19 13 1 4 1 2 4 8 285 527
 149 33.215 -16.614 17 5 1 1 4 1 2 4 8 225 471
 150 -72.388 13.074 20 25 6 1 4 1 2 4 8 121 365
 151 -24.487 5.273 11 9 8 1 4 1 2 4 8 210 419
 152 -6.598 -30.957 1 20 15 1 4 1 2 4 8 130 480
 153 31.287 21.332 11 11 23 1 4 1 2 4 8 217 420
 154 20.557 0.378 15 18 9 1 4 1 2 4 8 118 429
 155 -67.200 -41.339 3 25 22 1 4 1 2 4 8 266 518
 156 22.168 -40.375 21 22 6 1 4 1 2 4 8 95 429
 157 31.165 2.222 5 25 6 1 4 1 2 4 8 167 490
 158 74.634 30.219 11 14 22 1 4 1 2 4 8 199 386
 159 60.699 81.116 6 21 25 1 4 1 2 4 8 137 469
 160 -60.736 24.133 17 1 15 1 4 1 2 4 8 194 531
 161 1.978 17.517 20 9 25 1 4 1 2 4 8 251 581
 162 -80.566 -38.196 10 2 20 1 4 1 2 4 8 269 574
 163 -49.927 -36.713 24 2 19 1 4 1 2 4 8 128 447
 164 -60.449 -27.820 6 4 20 1 4 1 2 4 8 147 442
 165 -78.748 -44.226 18 15 7 1 4 1 2 4 8 140 452
 166 54.260 -9.259 15 11 11 1 4 1 2 4 8 133 346
 167 -42.059 -26.636 6 15 24 1 4 1 2 4 8 262 554
 168 -57.336 -16.718 10 15 4 1 4 1 2 4 8 156 483
 169 -1.276 -13.330 7 16 11 1 4 1 2 4 8 248 561
 170 -24.158 39.197 24 14 1 1 4 1 2 4 8 201 405
 171 17.908 -40.442 3 25 18 1 4 1 2 4 8 133 342
 172 59.833 -3.674 22 9 22 1 4 1 2 4 8 91 276
 173 -3.510 6.256 1 23 19 1 4 1 2 4 8 188 446
 174 40.167 8.594 4 16 10 1 4 1 2 4 8 114 332
 175 -1.691 -54.376 12 10 20 1 4 1 2 4 8 286 552
 176 -36.035 -17.065 14 4 1 1 4 1 2 4 8 202 521
 177 7.275 -4.144 17 25 10 1 4 1 2 4 8 201 420
 178 30.219 -6.830 20 20 22 1 4 1 2 4 8 110 467
 179 -26.379 -63.055 19 5 5 1 4 1 2 4 8 90 434
 180 28.772 -0.031 18 19 17 1 4 1 2 4 8 247 453
 181 2.625 5.072 22 2 11 1 4 1 2 4 8 271 563
 182 3.595 -21.600 14 13 2 1 4 1 2 4 8 67 347
 183 -64.948 -10.956 14 19 5 1 4 1 2 4 8 265 593
 184 18.671 -41.010 20 2 7 1 4 1 2 4 8 148 412
 185 29.291 12.799 16 16 15 1 4 1 2 4 8 299 580
 186 4.529 26.654 25 2 25 1 4 1 2 4 8 89 295
 187 25.360 29.718 12 6 18 1 4 1 2 4 8 208 431
 188 57.349 -15.405 1 3 15 1 4 1 2 4 8 254 576
 189 -11.566 -19.012 11 20 8 1 4 1 2 4 8 114 362
 190 -45.441 -71.808 18 13 10 1 4 1 2 4 8 215 491
 191 2.197 -3.564 8 9 23 1 4 1 2 4 8 224 474
 192 -1.855 -24.475 8 5 4 1 4 1 2 4 8 258 482
 193 -59.851 -48.938 1 15 18 1 4 1 2 4 8 65 396
 194 70.081 -17.816 23 22 1 1 4 1 2 4 8 218 458
 195 -4.932 28.754 19 18 1 1 4 1 2 4 8 231 429
 196 -46.625 -23.529 18 21 4 1 4 1 2 4 8 119 354
 197 -49.872 -35.339 16 16 4 1 4 1 2 4 8 256 610
 198 -67.499 8.142 7 22 1 1 4 1 2 4 8 216 437
 199 31.195 -18.243 13 23 1 1 4 1 2 4 8 247 443
 200 -42.139 -52.704 5 1 2 1 4 1 2 4 8 125 469
 201 -15.094 18.933 3 1 24 1 4 1 2 4 8 118 436
 202 -78.625 -24.341 22 13 15 1 4 1 2 4 8 173 527
 203 51.471 -9.607 21 14 13 1 4 1 2 4 8 243 438
 204 29.987 -31.061 18 18 10 1 4 1 2 4 8 69 331
 205 46.741 1.453 14 5 1 1 4 1 2 4 8 223 544
 206 -52.954 31.738 19 24 16 1 4 1 2 4 8 207 452
 207 10.535 -61.432 18 11 14 1 4 1 2 4 8 83 424
 208 -15.948 -56.012 12 5 1 1 4 1 2 4 8 210 507
 209 -7.776 -54.730 21 1 12 1 4 1 2 4 8 112 400
 210 11.047 -20.905 15 21 16 1 4 1 2 4 8 274 462
 211 -24.359 -23.047 8 6 25 1 4 1 2 4 8 282 511
 212 2.948 -20.398 5 6 12 1 4 1 2 4 8 158 391
 213 -82.654 24.323 3 5 1 1 4 1 2 4 8 294 503
 214 -12.134 42.065 2 23 7 1 4 1 2 4 8 177 389
 215 -98.035 -36.359 5 16 15 1 4 1 2 4 8 202 511
 216 -61.102 -13.477 3 18 6 1 4 1 2 4 8 247 584
 217 -39.136 6.287 12 10 8 1 4 1 2 4 8 256 615
 218 41.180 7.971 4 9 2 1 4 1 2 4 8 142 324
 219 4.254 19.830 23 18 14 1 4 1 2 4 8 189 390
 220 -34.143 -37.915 8 22 14 1 4 1 2 4 8 122 312
 221 -4.559 23.566 7 24 6 1 4 1 2 4 8 156 388
 222 37.891 -1.947 10 15 10 1 4 1 2 4 8 296 530
 223 78.259 15.936 18 6 4 1 4 1 2 4 8 197 427
 224 -8.661 -25.110 4 12 2 1 4 1 2 4 8 293 489
 225 10.071 37.164 9 19 3 1 4 1 2 4 8 214 552
 226 -42.621 -46.985 19 19 15 1 4 1 2 4 8 221 515
 227 92.157 -94.183 5 17 16 1 4 1 2 4 8 178 416
 228 32.202 -39.844 19 22 16 1 4 1 2 4 8 182 363
 229 -55.231 -15.027 7 25 2 1 4 1 2 4 8 188 380
 230 -26.746 -21.490 22 11 18 1 4 1 2 4 8 286 576
 231 -75.513 -0.708 2 23 13 1 4 1 2 4 8 84 440
 232 34.021 12.665 7 10 9 1 4 1 2 4 8 98 421
 233 -2.643 -20.831 4 17 1 1 4 1 2 4 8 146 389
 234 53.369 13.770 11 6 18 1 4 1 2 4 8 191 532
 235 -14.948 -40.259 12 20 12 1 4 1 2 4 8 204 513
 236 67.828 5.750 2 6 6 1 4 1 2 4 8 182 424
 237 -13.220 -26.031 13 4 15 1 4 1 2 4 8 117 476
 238 4.169 -32.617 22 25 16 1 4 1 2 4 8 231 437
 239 -26.050 -33.313 6 7 21 1 4 1 2 4 8 142 464
 240 31.964 -45.703 11 11 5 1 4 1 2 4 8 159 402
 241 96.820 26.208 22 14 9 1 4 1 2 4 8 84 357
 242 -44.696 -37.854 9 14 6 1 4 1 2 4 8 262 593
 243 33.417 11.792 21 15 3 1 4 1 2 4 8 296 499
 244 -35.187 19.226 8 2 23 1 4 1 2 4 8 151 340
 245 -14.233 -74.988 4 14 23 1 4 1 2 4 8 62 246
 246 37.158 -0.836 19 17 3 1 4 1 2 4 8 186 535
 247 -51.697 -26.447 20 24 13 1 4 1 2 4 8 292 492
 248 23.535 5.896 22 10 22 1 4 1 2 4 8 124 456
 249 -18.433 53.711 10 20 6 1 4 1 2 4 8 262 515
 250 -11.340 -17.621 20 11 14 1 4 1 2 4 8 296 561
 251 -7.812 -35.895 10 16 24 1 4 1 2 4 8 165 389
 252 3.522 26.941 23 3 4 1 4 1 2 4 8 160 481
 253 -46.588 -22.266 5 11 4 1 4 1 2 4 8 151 414
 254 -2.997 -0.549 25 10 21 1 4 1 2 4 8 266 613
 255 32.147 17.151 7 18 9 1 4 1 2 4 8 178 475
 256 32.019 13.007 16 20 5 1 4 1 2 4 8 87 441
 257 -6.628 29.889 15 24 22 1 4 1 2 4 8 241 569
 258 77.777 -25.397 9 16 17 1 4 1 2 4 8 146 437
 259 30.707 65.704 19 2 16 1 4 1 2 4 8 255 528
 260 -43.811 -43.036 11 14 7 1 4 1 2 4 8 168 483
 261 49.561 16.827 19 10 2 1 4 1 2 4 8 125 454
 262 -28.931 -0.439 10 22 6 1 4 1 2 4 8 258 583
 263 40.363 16.382 20 14 25 1 4 1 2 4 8 225 462
 264 22.748 40.674 17 15 20 1 4 1 2 4 8 194 536
 265 -1.471 6.567 22 7 20 1 4 1 2 4 8 204 423
 266 -1.190 16.864 24 20 25 1 4 1 2 4 8 216 541
 267 8.032 41.821 5 1 6 1 4 1 2 4 8 153 335
 268 -44.019 -22.784 5 24 15 1 4 1 2 4 8 111 393
 269 12.366 -11.353 17 22 16 1 4 1 2 4 8 148 460
 270 33.276 15.881 7 23 19 1 4 1 2 4 8 193 535
 271 -34.790 -15.045 25 20 4 1 4 1 2 4 8 285 475
 272 -96.857 -19.391 12 15 10 1 4 1 2 4 8 256 467
 273 38.434 -5.353 11 14 17 1 4 1 2 4 8 83 366
 274 -25.391 0.220 6 12 2 1 4 1 2 4 8 122 328
 275 0.848 -31.860 13 4 22 1 4 1 2 4 8 118 351
 276 -24.023 95.691 23 15 20 1 4 1 2 4 8 238 445
 277 -4.272 35.468 15 12 16 1 4 1 2 4 8 184 499
 278 -6.927 1.855 13 8 3 1 4 1 2 4 8 189 379
 279 -70.953 -3.217 10 2 24 1 4 1 2 4 8 206 524
 280 -32.648 -16.522 24 24 3 1 4 1 2 4 8 78 359
 281 42.859 -21.680 13 5 10 1 4 1 2 4 8 131 363
 282 5.182 6.403 12 8 22 1 4 1 2 4 8 212 425
 283 36.920 -4.987 21 21 11 1 4 1 2 4 8 212 448
 284 49.591 27.783 10 5 25 1 4 1 2 4 8 232 519
 285 45.038 10.785 12 16 21 1 4 1 2 4 8 79 315
 286 7.690 14.056 9 8 19 1 4 1 2 4 8 70 343
 287 -60.907 18.640 5 24 20 1 4 1 2 4 8 167 374
 288 -64.496 8.923 18 23 24 1 4 1 2 4 8 268 617
 289 37.158 -14.990 24 6 4 1 4 1 2 4 8 291 475
