5 9 144 4 2
460 190
 1 -18.391 1.121 0 0 0 0 0 0 1000
 2 -55.280 -24.371 25 9 7 4 1 15 392 514
 3 -48.297 53.314 13 22 19 4 1 15 310 452
 4 -49.072 -38.489 20 10 5 4 1 15 453 612
 5 25.311 -18.561 16 24 12 4 1 15 472 605
 6 -24.469 -3.815 4 25 25 4 1 15 169 267
 7 24.591 -17.896 2 6 6 4 1 15 154 274
 8 -10.419 60.364 7 22 10 4 1 15 97 266
 9 38.177 -35.175 15 1 16 4 1 15 286 386
 10 -68.280 93.073 10 19 14 4 1 15 185 293
 11 -30.792 -57.336 4 19 22 4 1 15 467 596
 12 -37.061 -12.122 19 5 17 4 1 15 346 436
 13 -15.741 -47.638 10 9 6 4 1 15 455 604
 14 -63.379 -22.919 15 8 16 4 1 15 277 404
 15 -43.109 -43.439 4 14 5 4 1 15 436 562
 16 -25.623 13.599 17 4 22 4 1 15 88 208
 17 -2.625 16.632 4 7 1 4 1 15 301 440
 18 -41.577 -28.497 3 10 7 4 1 15 144 253
 19 2.081 12.885 9 22 20 4 1 15 396 519
 20 3.925 -47.845 25 17 3 4 1 15 433 533
 21 -83.295 26.324 14 10 10 4 1 15 203 363
 22 -6.458 26.355 23 8 5 4 1 15 376 486
 23 3.290 6.732 7 14 21 4 1 15 370 506
 24 -34.869 30.426 7 12 2 4 1 15 244 335
 25 15.546 -36.273 1 17 15 4 1 15 320 413
 26 12.842 5.127 10 19 12 4 1 15 473 631
 27 -48.450 -24.426 15 25 17 4 1 15 242 420
 28 -88.538 -10.461 1 25 5 4 1 15 445 539
 29 -29.773 0.995 2 6 6 4 1 15 105 217
 30 9.827 38.416 9 21 18 4 1 15 193 359
 31 1.410 92.938 10 3 9 4 1 15 292 388
 32 -79.303 15.381 2 19 24 4 1 15 287 439
 33 -30.652 40.063 23 16 22 4 1 15 285 422
 34 18.927 21.637 15 21 4 4 1 15 409 557
 35 45.087 -59.906 13 17 10 4 1 15 417 580
 36 -34.949 -3.815 16 19 2 4 1 15 290 428
 37 81.201 -74.744 21 6 5 4 1 15 169 299
 38 15.594 -28.455 1 10 9 2 2 5 10 145 251
 39 -72.192 29.547 18 22 20 2 2 5 10 147 241
 40 -42.914 -22.675 17 17 3 2 2 5 10 87 189
 41 -76.392 -57.489 13 16 8 2 2 5 10 362 516
 42 -28.540 12.073 5 5 1 2 2 5 10 273 407
 43 -61.389 26.526 23 1 3 2 2 5 10 279 429
 44 -8.472 12.616 20 21 4 2 2 5 10 418 547
 45 -61.475 33.392 1 20 21 2 2 5 10 388 494
 46 -34.674 -27.588 2 6 16 2 2 5 10 442 544
 47 10.315 -12.518 15 1 7 2 2 5 10 269 397
 48 -83.014 77.002 20 11 3 2 2 5 10 451 578
 49 -40.417 49.988 9 22 1 2 2 5 10 463 582
 50 83.832 33.905 13 25 1 2 2 5 10 152 249
 51 -20.563 -75.830 4 18 16 2 2 5 10 182 272
 52 15.442 -18.719 15 9 22 2 2 5 10 91 195
 53 -59.937 -65.802 5 23 16 2 2 5 10 269 447
 54 5.151 47.815 8 17 17 2 2 5 10 198 375
 55 46.008 14.990 19 4 6 2 2 5 10 76 213
 56 82.977 -1.660 16 1 20 2 2 5 10 134 254
 57 39.893 -38.916 11 14 7 2 2 5 10 201 339
 58 90.839 -83.539 23 11 25 2 2 5 10 274 432
 59 7.068 0.067 14 7 25 2 2 5 10 167 288
 60 18.958 40.088 24 21 6 2 2 5 10 270 448
 61 -80.487 58.209 5 3 12 2 2 5 10 460 595
 62 64.459 -62.946 5 18 17 2 2 5 10 318 471
 63 -43.616 -26.117 23 5 23 2 2 5 10 111 234
 64 -18.408 10.303 3 6 6 2 2 5 10 400 558
 65 -43.921 63.251 10 22 14 2 2 5 10 91 214
 66 11.353 26.221 23 13 25 2 2 5 10 109 269
 67 -6.995 38.239 23 17 8 2 2 5 10 324 468
 68 74.084 -34.216 20 5 4 2 2 5 10 203 335
 69 14.301 -0.800 5 7 22 2 2 5 10 176 350
 70 -94.141 -48.779 14 1 22 2 2 5 10 86 216
 71 15.332 -42.169 1 3 18 2 2 5 10 315 416
 72 -46.637 -16.461 10 10 10 2 2 5 10 355 448
 73 -0.958 -81.000 3 5 5 2 2 5 10 243 422
 74 -37.445 -42.505 4 1 10 1 4 1 2 4 8 420 577
 75 -3.680 -69.073 23 17 19 1 4 1 2 4 8 324 457
 76 34.894 -20.898 21 14 4 1 4 1 2 4 8 311 475
 77 45.544 51.410 3 4 24 1 4 1 2 4 8 92 212
 78 -31.927 88.239 21 10 19 1 4 1 2 4 8 470 635
 79 -13.580 -26.959 25 25 25 1 4 1 2 4 8 390 515
 80 12.653 -48.340 5 11 19 1 4 1 2 4 8 253 373
 81 -46.179 -38.269 11 16 4 1 4 1 2 4 8 304 411
 82 -29.620 35.083 10 25 21 1 4 1 2 4 8 269 438
 83 13.696 43.988 5 20 8 1 4 1 2 4 8 204 370
 84 38.342 -46.338 3 3 13 1 4 1 2 4 8 456 571
 85 -26.227 24.506 13 7 14 1 4 1 2 4 8 182 273
 86 90.009 -43.640 19 2 12 1 4 1 2 4 8 293 412
 87 -6.995 22.522 13 6 4 1 4 1 2 4 8 170 317
 88 -29.993 -28.851 8 14 5 1 4 1 2 4 8 183 276
 89 -56.268 -64.740 13 14 18 1 4 1 2 4 8 251 400
 90 -87.415 90.796 15 2 14 1 4 1 2 4 8 325 460
 91 -5.762 54.034 10 15 7 1 4 1 2 4 8 315 416
 92 -34.845 -27.185 4 22 10 1 4 1 2 4 8 310 441
 93 -16.479 16.180 23 4 6 1 4 1 2 4 8 95 266
 94 23.712 29.492 23 22 5 1 4 1 2 4 8 378 526
 95 -40.991 46.594 14 19 14 1 4 1 2 4 8 406 545
 96 -53.516 -21.619 20 5 10 1 4 1 2 4 8 436 535
 97 -17.560 37.494 3 10 1 1 4 1 2 4 8 334 461
 98 -37.311 56.836 5 4 6 1 4 1 2 4 8 292 411
 99 71.515 22.510 16 7 19 1 4 1 2 4 8 430 575
 100 -41.864 27.710 21 11 6 1 4 1 2 4 8 141 299
 101 14.819 -82.117 4 14 25 1 4 1 2 4 8 355 532
 102 30.316 -55.322 2 2 9 1 4 1 2 4 8 135 238
 103 -39.172 47.998 11 12 14 1 4 1 2 4 8 193 321
 104 -94.415 15.192 15 12 6 1 4 1 2 4 8 192 322
 105 -7.806 11.273 16 24 8 1 4 1 2 4 8 185 291
 106 28.571 -49.908 3 8 11 1 4 1 2 4 8 115 286
 107 -20.654 24.554 21 4 11 1 4 1 2 4 8 111 284
 108 -30.963 -18.903 21 25 19 1 4 1 2 4 8 339 493
 109 1.721 -20.447 25 6 11 1 4 1 2 4 8 214 351
 110 -31.012 -21.106 12 9 3 1 4 1 2 4 8 452 553
 111 -85.718 -28.015 21 23 11 1 4 1 2 4 8 282 419
 112 58.826 -63.043 6 15 11 1 4 1 2 4 8 412 532
 113 -15.753 -52.686 2 7 2 1 4 1 2 4 8 447 603
 114 -71.661 51.184 24 6 17 1 4 1 2 4 8 350 524
 115 -92.633 -6.598 21 5 14 1 4 1 2 4 8 337 456
 116 33.508 -49.255 24 12 12 1 4 1 2 4 8 110 235
 117 59.314 54.095 11 3 21 1 4 1 2 4 8 119 268
 118 30.737 -28.436 12 22 17 1 4 1 2 4 8 280 396
 119 -55.896 18.457 22 18 14 1 4 1 2 4 8 82 214
 120 -89.960 -39.532 19 16 4 1 4 1 2 4 8 418 574
 121 36.438 20.819 8 5 10 1 4 1 2 4 8 201 320
 122 -53.674 -56.427 9 1 15 1 4 1 2 4 8 429 580
 123 -31.866 32.538 10 8 25 1 4 1 2 4 8 90 190
 124 5.658 12.756 5 20 1 1 4 1 2 4 8 353 511
 125 -52.905 42.804 14 17 25 1 4 1 2 4 8 394 537
 126 47.131 -45.465 7 11 22 1 4 1 2 4 8 358 455
 127 30.792 9.869 5 8 15 1 4 1 2 4 8 131 274
 128 -45.209 -56.293 22 15 4 1 4 1 2 4 8 369 520
 129 10.919 13.306 5 16 9 1 4 1 2 4 8 270 449
 130 -32.990 -34.003 1 6 22 1 4 1 2 4 8 287 408
 131 -40.869 30.579 9 24 22 1 4 1 2 4 8 85 177
 132 -69.348 80.408 16 10 10 1 4 1 2 4 8 258 352
 133 -58.966 -29.541 14 4 7 1 4 1 2 4 8 356 450
 134 -36.847 -33.710 21 10 11 1 4 1 2 4 8 226 318
 135 -21.820 65.369 8 17 17 1 4 1 2 4 8 363 482
 136 22.980 -41.010 7 5 23 1 4 1 2 4 8 359 512
 137 -77.557 59.814 24 14 1 1 4 1 2 4 8 232 408
 138 -47.205 67.725 24 16 5 1 4 1 2 4 8 315 442
 139 -21.606 35.168 16 11 8 1 4 1 2 4 8 196 335
 140 -55.676 -31.384 4 25 16 1 4 1 2 4 8 187 288
 141 -85.229 88.788 7 4 17 1 4 1 2 4 8 354 500
 142 -3.918 -63.525 13 12 24 1 4 1 2 4 8 270 374
 143 -58.557 59.375 25 19 17 1 4 1 2 4 8 474 617
 144 -24.542 14.935 10 6 23 1 4 1 2 4 8 375 476
 145 -48.779 16.968 24 23 19 1 4 1 2 4 8 464 559
