6 3 144 4 2
460 190
 1 -40.082 -24.780 0 0 0 0 0 0 1000
 2 -55.280 -24.371 25 9 7 1 4 1 2 4 8 204 515
 3 -48.297 53.314 13 22 19 1 4 1 2 4 8 203 424
 4 -49.072 -38.489 20 10 5 1 4 1 2 4 8 169 352
 5 25.311 -18.561 16 24 12 1 4 1 2 4 8 108 433
 6 -24.469 -3.815 4 25 25 1 4 1 2 4 8 235 447
 7 24.591 -17.896 2 6 6 1 4 1 2 4 8 296 573
 8 -10.419 60.364 7 22 10 1 4 1 2 4 8 268 566
 9 38.177 -35.175 15 1 16 1 4 1 2 4 8 221 401
 10 -68.280 93.073 10 19 14 1 4 1 2 4 8 190 374
 11 -30.792 -57.336 4 19 22 1 4 1 2 4 8 290 490
 12 -37.061 -12.122 19 5 17 1 4 1 2 4 8 225 502
 13 -15.741 -47.638 10 9 6 1 4 1 2 4 8 196 434
 14 -63.379 -22.919 15 8 16 1 4 1 2 4 8 101 319
 15 -43.109 -43.439 4 14 5 1 4 1 2 4 8 139 386
 16 -25.623 13.599 17 4 22 1 4 1 2 4 8 251 592
 17 -2.625 16.632 4 7 1 1 4 1 2 4 8 256 572
 18 -41.577 -28.497 3 10 7 1 4 1 2 4 8 277 488
 19 2.081 12.885 9 22 20 1 4 1 2 4 8 169 436
 20 3.925 -47.845 25 17 3 1 4 1 2 4 8 123 364
 21 -83.295 26.324 14 10 10 1 4 1 2 4 8 208 419
 22 -6.458 26.355 23 8 5 1 4 1 2 4 8 172 434
 23 3.290 6.732 7 14 21 1 4 1 2 4 8 213 428
 24 -34.869 30.426 7 12 2 1 4 1 2 4 8 200 502
 25 15.546 -36.273 1 17 15 1 4 1 2 4 8 122 450
 26 12.842 5.127 10 19 12 1 4 1 2 4 8 115 431
 27 -48.450 -24.426 15 25 17 1 4 1 2 4 8 156 350
 28 -88.538 -10.461 1 25 5 1 4 1 2 4 8 258 460
 29 -29.773 0.995 2 6 6 1 4 1 2 4 8 263 498
 30 9.827 38.416 9 21 18 1 4 1 2 4 8 120 349
 31 1.410 92.938 10 3 9 1 4 1 2 4 8 215 418
 32 -79.303 15.381 2 19 24 1 4 1 2 4 8 200 538
 33 -30.652 40.063 23 16 22 1 4 1 2 4 8 274 602
 34 18.927 21.637 15 21 4 1 4 1 2 4 8 109 377
 35 45.087 -59.906 13 17 10 1 4 1 2 4 8 221 535
 36 -34.949 -3.815 16 19 2 1 4 1 2 4 8 274 465
 37 81.201 -74.744 21 6 5 1 4 1 2 4 8 246 583
 38 15.594 -28.455 1 10 9 1 4 1 2 4 8 113 348
 39 -72.192 29.547 18 22 20 1 4 1 2 4 8 80 276
 40 -42.914 -22.675 17 17 3 1 4 1 2 4 8 285 472
 41 -76.392 -57.489 13 16 8 1 4 1 2 4 8 81 309
 42 -28.540 12.073 5 5 1 1 4 1 2 4 8 187 466
 43 -61.389 26.526 23 1 3 1 4 1 2 4 8 196 521
 44 -8.472 12.616 20 21 4 1 4 1 2 4 8 230 436
 45 -61.475 33.392 1 20 21 1 4 1 2 4 8 261 546
 46 -34.674 -27.588 2 6 16 1 4 1 2 4 8 70 408
 47 10.315 -12.518 15 1 7 1 4 1 2 4 8 192 397
 48 -83.014 77.002 20 11 3 1 4 1 2 4 8 170 479
 49 -40.417 49.988 9 22 1 1 4 1 2 4 8 193 540
 50 83.832 33.905 13 25 1 1 4 1 2 4 8 249 431
 51 -20.563 -75.830 4 18 16 1 4 1 2 4 8 231 487
 52 15.442 -18.719 15 9 22 1 4 1 2 4 8 89 374
 53 -59.937 -65.802 5 23 16 1 4 1 2 4 8 117 316
 54 5.151 47.815 8 17 17 1 4 1 2 4 8 108 356
 55 46.008 14.990 19 4 6 1 4 1 2 4 8 157 499
 56 82.977 -1.660 16 1 20 1 4 1 2 4 8 182 517
 57 39.893 -38.916 11 14 7 1 4 1 2 4 8 111 325
 58 90.839 -83.539 23 11 25 1 4 1 2 4 8 138 346
 59 7.068 0.067 14 7 25 1 4 1 2 4 8 279 638
 60 18.958 40.088 24 21 6 1 4 1 2 4 8 172 383
 61 -80.487 58.209 5 3 12 1 4 1 2 4 8 261 515
 62 64.459 -62.946 5 18 17 1 4 1 2 4 8 269 560
 63 -43.616 -26.117 23 5 23 1 4 1 2 4 8 208 548
 64 -18.408 10.303 3 6 6 1 4 1 2 4 8 266 482
 65 -43.921 63.251 10 22 14 1 4 1 2 4 8 81 344
 66 11.353 26.221 23 13 25 1 4 1 2 4 8 93 437
 67 -6.995 38.239 23 17 8 1 4 1 2 4 8 66 338
 68 74.084 -34.216 20 5 4 1 4 1 2 4 8 164 462
 69 14.301 -0.800 5 7 22 1 4 1 2 4 8 68 278
 70 -94.141 -48.779 14 1 22 1 4 1 2 4 8 258 474
 71 15.332 -42.169 1 3 18 1 4 1 2 4 8 219 562
 72 -46.637 -16.461 10 10 10 1 4 1 2 4 8 200 488
 73 -0.958 -81.000 3 5 5 1 4 1 2 4 8 99 373
 74 -37.445 -42.505 4 1 10 1 4 1 2 4 8 234 444
 75 -3.680 -69.073 23 17 19 1 4 1 2 4 8 265 615
 76 34.894 -20.898 21 14 4 1 4 1 2 4 8 288 491
 77 45.544 51.410 3 4 24 1 4 1 2 4 8 207 407
 78 -31.927 88.239 21 10 19 1 4 1 2 4 8 125 470
 79 -13.580 -26.959 25 25 25 1 4 1 2 4 8 152 410
 80 12.653 -48.340 5 11 19 1 4 1 2 4 8 284 546
 81 -46.179 -38.269 11 16 4 1 4 1 2 4 8 121 465
 82 -29.620 35.083 10 25 21 1 4 1 2 4 8 294 511
 83 13.696 43.988 5 20 8 1 4 1 2 4 8 62 351
 84 38.342 -46.338 3 3 13 1 4 1 2 4 8 72 319
 85 -26.227 24.506 13 7 14 1 4 1 2 4 8 217 475
 86 90.009 -43.640 19 2 12 1 4 1 2 4 8 239 439
 87 -6.995 22.522 13 6 4 1 4 1 2 4 8 271 626
 88 -29.993 -28.851 8 14 5 1 4 1 2 4 8 105 294
 89 -56.268 -64.740 13 14 18 1 4 1 2 4 8 280 514
 90 -87.415 90.796 15 2 14 1 4 1 2 4 8 72 256
 91 -5.762 54.034 10 15 7 1 4 1 2 4 8 249 527
 92 -34.845 -27.185 4 22 10 1 4 1 2 4 8 237 465
 93 -16.479 16.180 23 4 6 1 4 1 2 4 8 153 357
 94 23.712 29.492 23 22 5 1 4 1 2 4 8 298 487
 95 -40.991 46.594 14 19 14 1 4 1 2 4 8 147 407
 96 -53.516 -21.619 20 5 10 1 4 1 2 4 8 195 547
 97 -17.560 37.494 3 10 1 1 4 1 2 4 8 126 461
 98 -37.311 56.836 5 4 6 1 4 1 2 4 8 117 433
 99 71.515 22.510 16 7 19 1 4 1 2 4 8 71 412
 100 -41.864 27.710 21 11 6 1 4 1 2 4 8 274 482
 101 14.819 -82.117 4 14 25 1 4 1 2 4 8 78 329
 102 30.316 -55.322 2 2 9 1 4 1 2 4 8 257 493
 103 -39.172 47.998 11 12 14 1 4 1 2 4 8 71 351
 104 -94.415 15.192 15 12 6 1 4 1 2 4 8 73 319
 105 -7.806 11.273 16 24 8 1 4 1 2 4 8 285 583
 106 28.571 -49.908 3 8 11 1 4 1 2 4 8 262 443
 107 -20.654 24.554 21 4 11 1 4 1 2 4 8 79 308
 108 -30.963 -18.903 21 25 19 1 4 1 2 4 8 87 304
 109 1.721 -20.447 25 6 11 1 4 1 2 4 8 269 627
 110 -31.012 -21.106 12 9 3 1 4 1 2 4 8 62 267
 111 -85.718 -28.015 21 23 11 1 4 1 2 4 8 66 278
 112 58.826 -63.043 6 15 11 1 4 1 2 4 8 141 414
 113 -15.753 -52.686 2 7 2 1 4 1 2 4 8 262 620
 114 -71.661 51.184 24 6 17 1 4 1 2 4 8 76 303
 115 -92.633 -6.598 21 5 14 1 4 1 2 4 8 176 383
 116 33.508 -49.255 24 12 12 1 4 1 2 4 8 206 529
 117 59.314 54.095 11 3 21 1 4 1 2 4 8 234 526
 118 30.737 -28.436 12 22 17 1 4 1 2 4 8 93 424
 119 -55.896 18.457 22 18 14 1 4 1 2 4 8 92 400
 120 -89.960 -39.532 19 16 4 1 4 1 2 4 8 212 397
 121 36.438 20.819 8 5 10 1 4 1 2 4 8 97 422
 122 -53.674 -56.427 9 1 15 1 4 1 2 4 8 268 491
 123 -31.866 32.538 10 8 25 1 4 1 2 4 8 72 291
 124 5.658 12.756 5 20 1 1 4 1 2 4 8 79 419
 125 -52.905 42.804 14 17 25 1 4 1 2 4 8 115 351
 126 47.131 -45.465 7 11 22 1 4 1 2 4 8 182 387
 127 30.792 9.869 5 8 15 1 4 1 2 4 8 259 525
 128 -45.209 -56.293 22 15 4 1 4 1 2 4 8 198 432
 129 10.919 13.306 5 16 9 1 4 1 2 4 8 88 278
 130 -32.990 -34.003 1 6 22 1 4 1 2 4 8 262 492
 131 -40.869 30.579 9 24 22 1 4 1 2 4 8 211 527
 132 -69.348 80.408 16 10 10 1 4 1 2 4 8 197 450
 133 -58.966 -29.541 14 4 7 1 4 1 2 4 8 182 501
 134 -36.847 -33.710 21 10 11 1 4 1 2 4 8 298 582
 135 -21.820 65.369 8 17 17 1 4 1 2 4 8 76 271
 136 22.980 -41.010 7 5 23 1 4 1 2 4 8 83 421
 137 -77.557 59.814 24 14 1 1 4 1 2 4 8 290 482
 138 -47.205 67.725 24 16 5 1 4 1 2 4 8 85 390
 139 -21.606 35.168 16 11 8 1 4 1 2 4 8 61 247
 140 -55.676 -31.384 4 25 16 1 4 1 2 4 8 148 438
 141 -85.229 88.788 7 4 17 1 4 1 2 4 8 84 408
 142 -3.918 -63.525 13 12 24 1 4 1 2 4 8 278 614
 143 -58.557 59.375 25 19 17 1 4 1 2 4 8 104 427
 144 -24.542 14.935 10 6 23 1 4 1 2 4 8 132 459
 145 -48.779 16.968 24 23 19 1 4 1 2 4 8 236 582
