6 3 216 6 2
450 180
 1 -15.067 -23.950 0 0 0 0 0 0 1000
 2 -41.235 -66.357 14 3 9 1 6 1 2 4 8 16 32 114 369
 3 34.064 -59.357 16 16 19 1 6 1 2 4 8 16 32 212 565
 4 20.917 -52.582 17 8 15 1 6 1 2 4 8 16 32 65 409
 5 -38.538 -37.396 19 15 7 1 6 1 2 4 8 16 32 87 343
 6 41.058 22.931 6 12 24 1 6 1 2 4 8 16 32 265 624
 7 -54.034 -53.131 7 13 7 1 6 1 2 4 8 16 32 149 440
 8 8.099 80.725 3 8 19 1 6 1 2 4 8 16 32 254 485
 9 81.299 13.409 10 24 1 1 6 1 2 4 8 16 32 235 543
 10 14.459 -2.972 4 14 6 1 6 1 2 4 8 16 32 190 485
 11 -52.539 60.107 17 17 24 1 6 1 2 4 8 16 32 224 455
 12 -57.202 -34.229 10 8 19 1 6 1 2 4 8 16 32 172 470
 13 -65.552 -40.222 13 11 14 1 6 1 2 4 8 16 32 266 573
 14 -19.751 -10.278 20 8 11 1 6 1 2 4 8 16 32 175 446
 15 -26.965 -87.012 6 17 1 1 6 1 2 4 8 16 32 299 588
 16 3.192 -88.654 18 19 20 1 6 1 2 4 8 16 32 203 457
 17 34.521 32.837 3 13 9 1 6 1 2 4 8 16 32 74 352
 18 80.035 5.273 10 2 7 1 6 1 2 4 8 16 32 139 475
 19 -39.838 -67.731 4 8 19 1 6 1 2 4 8 16 32 77 385
 20 14.600 11.365 15 21 12 1 6 1 2 4 8 16 32 91 444
 21 -20.990 -80.511 4 13 10 1 6 1 2 4 8 16 32 246 570
 22 48.242 47.284 6 17 17 1 6 1 2 4 8 16 32 243 582
 23 59.338 -31.860 19 4 10 1 6 1 2 4 8 16 32 230 558
 24 -13.995 -45.624 7 22 18 1 6 1 2 4 8 16 32 297 649
 25 32.397 -32.532 20 24 19 1 6 1 2 4 8 16 32 243 429
 26 2.826 50.824 12 11 3 1 6 1 2 4 8 16 32 134 364
 27 -66.077 -34.686 8 6 21 1 6 1 2 4 8 16 32 271 587
 28 -13.660 18.640 18 19 7 1 6 1 2 4 8 16 32 109 356
 29 -59.344 12.769 1 11 24 1 6 1 2 4 8 16 32 273 495
 30 -5.133 -18.463 25 23 17 1 6 1 2 4 8 16 32 217 547
 31 -22.961 -21.729 16 4 25 1 6 1 2 4 8 16 32 105 341
 32 58.130 46.606 5 5 5 1 6 1 2 4 8 16 32 139 403
 33 -49.603 -76.624 7 16 24 1 6 1 2 4 8 16 32 125 327
 34 -4.803 43.036 20 2 2 1 6 1 2 4 8 16 32 120 446
 35 68.616 -19.623 3 13 1 1 6 1 2 4 8 16 32 236 504
 36 37.915 63.599 11 11 9 1 6 1 2 4 8 16 32 128 422
 37 1.251 -26.550 15 9 8 1 6 1 2 4 8 16 32 266 504
 38 -37.952 1.685 15 18 21 1 6 1 2 4 8 16 32 142 364
 39 -40.503 8.038 8 7 20 1 6 1 2 4 8 16 32 142 434
 40 -8.392 -38.678 13 24 9 1 6 1 2 4 8 16 32 192 394
 41 -36.725 25.494 16 5 6 1 6 1 2 4 8 16 32 136 395
 42 -47.754 -50.073 4 2 2 1 6 1 2 4 8 16 32 144 327
 43 22.595 -28.357 9 5 12 1 6 1 2 4 8 16 32 101 350
 44 -36.365 -48.163 5 5 21 1 6 1 2 4 8 16 32 238 526
 45 75.452 -13.422 20 3 23 1 6 1 2 4 8 16 32 145 504
 46 -64.520 -13.232 10 13 21 1 6 1 2 4 8 16 32 211 395
 47 1.257 29.156 9 2 10 1 6 1 2 4 8 16 32 225 521
 48 -1.569 -35.974 18 10 10 1 6 1 2 4 8 16 32 191 487
 49 46.747 6.696 13 12 2 1 6 1 2 4 8 16 32 143 361
 50 82.080 27.057 17 24 25 1 6 1 2 4 8 16 32 207 557
 51 74.695 19.366 22 21 2 1 6 1 2 4 8 16 32 65 285
 52 47.015 9.338 5 18 19 1 6 1 2 4 8 16 32 79 273
 53 -62.036 -21.326 12 5 11 1 6 1 2 4 8 16 32 161 470
 54 9.192 20.038 4 15 10 1 6 1 2 4 8 16 32 135 330
 55 -3.094 21.582 5 11 3 1 6 1 2 4 8 16 32 228 499
 56 -75.446 13.086 22 7 21 1 6 1 2 4 8 16 32 190 399
 57 10.034 -63.739 7 3 6 1 6 1 2 4 8 16 32 266 463
 58 71.814 26.501 12 17 10 1 6 1 2 4 8 16 32 112 295
 59 18.842 -38.019 10 14 4 1 6 1 2 4 8 16 32 243 593
 60 -10.541 -31.305 18 14 11 1 6 1 2 4 8 16 32 139 449
 61 8.252 -91.150 17 7 19 1 6 1 2 4 8 16 32 269 507
 62 72.821 -38.916 3 12 12 1 6 1 2 4 8 16 32 191 389
 63 -30.157 38.776 1 5 1 1 6 1 2 4 8 16 32 112 370
 64 -56.256 -5.548 9 11 4 1 6 1 2 4 8 16 32 172 365
 65 -8.398 -37.604 12 17 8 1 6 1 2 4 8 16 32 252 447
 66 15.021 13.708 4 3 9 1 6 1 2 4 8 16 32 275 618
 67 -60.199 24.292 2 7 8 1 6 1 2 4 8 16 32 281 559
 68 -13.794 -27.106 18 13 16 1 6 1 2 4 8 16 32 163 505
 69 -34.796 -22.205 23 20 12 1 6 1 2 4 8 16 32 212 559
 70 69.641 83.057 14 13 22 1 6 1 2 4 8 16 32 117 379
 71 -44.440 30.090 6 4 8 1 6 1 2 4 8 16 32 251 549
 72 48.633 3.021 1 3 17 1 6 1 2 4 8 16 32 143 492
 73 -15.314 51.709 6 24 9 1 6 1 2 4 8 16 32 285 532
 74 36.261 26.782 6 23 9 1 6 1 2 4 8 16 32 135 388
 75 59.961 24.310 8 21 14 1 6 1 2 4 8 16 32 164 513
 76 55.304 6.628 25 23 5 1 6 1 2 4 8 16 32 198 483
 77 39.960 48.297 3 10 13 1 6 1 2 4 8 16 32 95 415
 78 -48.895 -71.100 3 21 15 1 6 1 2 4 8 16 32 154 347
 79 -2.338 -62.909 16 24 2 1 6 1 2 4 8 16 32 81 304
 80 9.491 -41.901 5 9 8 1 6 1 2 4 8 16 32 217 459
 81 -54.675 -18.439 6 22 11 1 6 1 2 4 8 16 32 115 335
 82 10.980 -7.605 6 3 8 1 6 1 2 4 8 16 32 162 399
 83 -69.824 -50.354 16 6 16 1 6 1 2 4 8 16 32 65 394
 84 -40.308 -7.452 6 11 7 1 6 1 2 4 8 16 32 207 422
 85 62.244 43.628 13 10 7 1 6 1 2 4 8 16 32 237 441
 86 29.077 63.116 4 15 13 1 6 1 2 4 8 16 32 186 426
 87 -12.067 -21.509 12 9 21 1 6 1 2 4 8 16 32 116 475
 88 14.728 28.906 15 20 2 1 6 1 2 4 8 16 32 227 547
 89 -63.086 -60.114 10 19 15 1 6 1 2 4 8 16 32 110 446
 90 33.655 -0.928 19 19 8 1 6 1 2 4 8 16 32 270 504
 91 -12.225 14.148 19 19 13 1 6 1 2 4 8 16 32 197 482
 92 -89.966 51.514 1 20 6 1 6 1 2 4 8 16 32 159 430
 93 -0.763 41.339 22 1 3 1 6 1 2 4 8 16 32 295 501
 94 80.695 32.983 20 15 5 1 6 1 2 4 8 16 32 299 643
 95 -53.394 -14.240 5 18 20 1 6 1 2 4 8 16 32 109 349
 96 -53.284 -64.136 12 2 7 1 6 1 2 4 8 16 32 60 332
 97 73.260 10.669 4 25 1 1 6 1 2 4 8 16 32 142 384
 98 59.613 13.452 12 20 8 1 6 1 2 4 8 16 32 146 464
 99 -37.012 6.476 8 18 23 1 6 1 2 4 8 16 32 180 384
 100 -53.656 21.692 10 8 5 1 6 1 2 4 8 16 32 118 389
 101 -36.890 18.372 2 3 5 1 6 1 2 4 8 16 32 80 389
 102 -4.608 -13.806 25 2 13 1 6 1 2 4 8 16 32 161 462
 103 53.802 36.993 14 15 8 1 6 1 2 4 8 16 32 112 319
 104 48.468 -66.040 20 21 16 1 6 1 2 4 8 16 32 220 485
 105 -46.393 -20.929 11 6 17 1 6 1 2 4 8 16 32 160 413
 106 -15.045 -40.845 4 24 2 1 6 1 2 4 8 16 32 299 616
 107 -73.621 -9.552 6 19 13 1 6 1 2 4 8 16 32 95 422
 108 92.847 45.587 8 23 1 1 6 1 2 4 8 16 32 92 321
 109 33.557 28.064 5 16 4 1 6 1 2 4 8 16 32 123 376
 110 47.321 24.414 3 16 3 1 6 1 2 4 8 16 32 67 346
 111 -6.610 -30.157 4 9 23 1 6 1 2 4 8 16 32 76 383
 112 12.103 23.840 24 1 3 1 6 1 2 4 8 16 32 243 443
 113 -61.963 26.239 4 10 17 1 6 1 2 4 8 16 32 281 528
 114 23.877 9.808 11 14 7 1 6 1 2 4 8 16 32 231 558
 115 49.780 6.866 23 11 15 1 6 1 2 4 8 16 32 90 319
 116 -53.021 -21.484 1 4 17 1 6 1 2 4 8 16 32 126 460
 117 54.962 2.985 15 23 22 1 6 1 2 4 8 16 32 87 317
 118 4.865 -69.586 12 23 3 1 6 1 2 4 8 16 32 67 319
 119 33.948 45.209 10 22 22 1 6 1 2 4 8 16 32 190 456
 120 -32.166 -23.621 24 11 2 1 6 1 2 4 8 16 32 223 454
 121 -17.548 -46.765 5 14 19 1 6 1 2 4 8 16 32 157 340
 122 31.744 33.972 23 12 15 1 6 1 2 4 8 16 32 206 536
 123 45.374 22.131 15 13 4 1 6 1 2 4 8 16 32 235 469
 124 -5.219 -23.114 6 11 20 1 6 1 2 4 8 16 32 147 353
 125 -51.056 -46.545 20 9 14 1 6 1 2 4 8 16 32 296 618
 126 11.774 11.133 13 6 25 1 6 1 2 4 8 16 32 61 402
 127 -39.758 -13.019 3 25 13 1 6 1 2 4 8 16 32 244 436
 128 27.930 29.321 3 21 1 1 6 1 2 4 8 16 32 186 390
 129 33.740 66.595 25 13 2 1 6 1 2 4 8 16 32 266 525
 130 -91.815 29.858 15 23 18 1 6 1 2 4 8 16 32 140 496
 131 -24.628 -68.701 6 8 3 1 6 1 2 4 8 16 32 124 439
 132 44.659 20.465 4 7 11 1 6 1 2 4 8 16 32 62 375
 133 45.447 -21.069 14 8 4 1 6 1 2 4 8 16 32 146 442
 134 -37.366 -12.097 15 9 23 1 6 1 2 4 8 16 32 127 379
 135 41.998 0.153 17 2 1 1 6 1 2 4 8 16 32 203 391
 136 -42.822 -30.170 12 24 19 1 6 1 2 4 8 16 32 178 529
 137 34.906 -4.578 2 7 24 1 6 1 2 4 8 16 32 83 434
 138 -65.137 -43.079 11 23 5 1 6 1 2 4 8 16 32 174 449
 139 20.270 -4.999 5 21 11 1 6 1 2 4 8 16 32 176 427
 140 -36.731 -8.929 20 12 11 1 6 1 2 4 8 16 32 79 411
 141 -26.984 -19.568 16 23 23 1 6 1 2 4 8 16 32 114 423
 142 -31.299 -83.813 13 18 11 1 6 1 2 4 8 16 32 129 459
 143 -26.794 12.506 9 5 25 1 6 1 2 4 8 16 32 297 630
 144 -39.362 -58.521 23 15 8 1 6 1 2 4 8 16 32 115 305
 145 -34.369 0.610 11 11 24 1 6 1 2 4 8 16 32 90 436
 146 43.372 4.187 14 8 17 1 6 1 2 4 8 16 32 281 598
 147 -38.226 -9.448 3 2 23 1 6 1 2 4 8 16 32 273 598
 148 -25.610 -99.237 9 6 21 1 6 1 2 4 8 16 32 82 283
 149 48.059 29.517 21 23 16 1 6 1 2 4 8 16 32 168 503
 150 -43.628 -32.318 24 9 13 1 6 1 2 4 8 16 32 289 566
 151 -16.602 -29.327 4 1 17 1 6 1 2 4 8 16 32 148 444
 152 -29.810 -12.408 18 12 17 1 6 1 2 4 8 16 32 111 411
 153 -51.910 -28.711 10 17 19 1 6 1 2 4 8 16 32 186 490
 154 -1.801 -18.671 3 2 19 1 6 1 2 4 8 16 32 114 442
 155 18.738 21.399 4 5 14 1 6 1 2 4 8 16 32 99 317
 156 60.120 7.788 25 1 2 1 6 1 2 4 8 16 32 202 483
 157 43.079 42.017 3 20 23 1 6 1 2 4 8 16 32 98 430
 158 -39.435 -5.902 22 19 13 1 6 1 2 4 8 16 32 79 295
 159 -35.889 -16.034 19 13 1 1 6 1 2 4 8 16 32 64 280
 160 -41.827 38.995 20 10 2 1 6 1 2 4 8 16 32 95 419
 161 84.497 29.822 7 9 12 1 6 1 2 4 8 16 32 253 504
 162 -17.560 -10.480 19 14 10 1 6 1 2 4 8 16 32 62 353
 163 -48.383 -48.920 19 4 23 1 6 1 2 4 8 16 32 188 438
 164 -49.335 -17.969 22 20 18 1 6 1 2 4 8 16 32 184 437
 165 16.095 -2.490 4 17 3 1 6 1 2 4 8 16 32 85 299
 166 65.527 14.026 25 19 4 1 6 1 2 4 8 16 32 224 521
 167 -2.930 13.220 23 19 18 1 6 1 2 4 8 16 32 163 482
 168 -18.768 -23.663 24 16 21 1 6 1 2 4 8 16 32 130 330
 169 -91.095 -80.737 25 4 3 1 6 1 2 4 8 16 32 253 597
 170 -21.088 -13.293 4 1 21 1 6 1 2 4 8 16 32 136 435
 171 46.985 17.224 3 21 19 1 6 1 2 4 8 16 32 90 369
 172 -61.957 -33.038 7 9 12 1 6 1 2 4 8 16 32 197 550
 173 -9.003 -25.452 10 2 16 1 6 1 2 4 8 16 32 72 261
 174 33.661 -7.666 10 24 1 1 6 1 2 4 8 16 32 162 488
 175 -25.592 -10.840 23 1 24 1 6 1 2 4 8 16 32 232 589
 176 36.560 -2.441 18 21 20 1 6 1 2 4 8 16 32 275 596
 177 7.141 24.817 8 13 13 1 6 1 2 4 8 16 32 73 373
 178 -43.170 -30.487 16 15 14 1 6 1 2 4 8 16 32 297 653
 179 -21.228 0.751 4 4 5 1 6 1 2 4 8 16 32 145 357
 180 19.696 10.767 14 10 18 1 6 1 2 4 8 16 32 207 479
 181 -6.494 -29.425 23 19 11 1 6 1 2 4 8 16 32 94 292
 182 54.388 8.630 17 1 6 1 6 1 2 4 8 16 32 285 560
 183 64.203 77.612 7 25 21 1 6 1 2 4 8 16 32 289 589
 184 40.381 1.611 8 3 24 1 6 1 2 4 8 16 32 186 440
 185 -41.711 -5.133 14 21 13 1 6 1 2 4 8 16 32 97 374
 186 74.274 -19.922 22 7 13 1 6 1 2 4 8 16 32 72 425
 187 -73.999 -54.626 7 18 23 1 6 1 2 4 8 16 32 134 484
 188 29.706 15.454 16 3 20 1 6 1 2 4 8 16 32 63 274
 189 23.785 12.177 24 1 24 1 6 1 2 4 8 16 32 125 379
 190 42.578 45.325 15 2 23 1 6 1 2 4 8 16 32 113 375
 191 -16.730 -16.559 15 8 24 1 6 1 2 4 8 16 32 196 518
 192 -14.697 -0.116 5 10 18 1 6 1 2 4 8 16 32 169 505
 193 -19.769 8.392 9 19 20 1 6 1 2 4 8 16 32 94 408
 194 -30.267 14.893 24 17 1 1 6 1 2 4 8 16 32 80 305
 195 -63.116 -67.462 6 19 9 1 6 1 2 4 8 16 32 83 363
 196 86.029 38.916 3 24 16 1 6 1 2 4 8 16 32 73 396
 197 79.480 -24.866 24 24 11 1 6 1 2 4 8 16 32 172 407
 198 35.144 14.734 22 6 15 1 6 1 2 4 8 16 32 66 415
 199 -49.365 -9.052 2 2 10 1 6 1 2 4 8 16 32 229 458
 200 -49.475 -17.578 21 7 17 1 6 1 2 4 8 16 32 71 283
 201 57.501 16.327 17 10 13 1 6 1 2 4 8 16 32 271 576
 202 54.889 12.024 13 13 10 1 6 1 2 4 8 16 32 200 490
 203 -53.027 -33.179 21 20 25 1 6 1 2 4 8 16 32 120 416
 204 -0.415 16.644 3 1 2 1 6 1 2 4 8 16 32 125 448
 205 21.594 16.144 9 17 16 1 6 1 2 4 8 16 32 124 348
 206 -46.924 -49.261 14 17 5 1 6 1 2 4 8 16 32 109 448
 207 18.457 19.733 9 16 4 1 6 1 2 4 8 16 32 209 554
 208 35.822 19.763 3 9 24 1 6 1 2 4 8 16 32 89 341
 209 71.869 29.034 22 25 25 1 6 1 2 4 8 16 32 160 497
 210 -56.378 -42.755 13 1 11 1 6 1 2 4 8 16 32 147 471
 211 -25.800 25.159 10 23 15 1 6 1 2 4 8 16 32 81 375
 212 -5.676 33.850 7 10 15 1 6 1 2 4 8 16 32 267 463
 213 54.041 -5.292 3 15 23 1 6 1 2 4 8 16 32 80 389
 214 -63.074 27.380 11 25 9 1 6 1 2 4 8 16 32 85 377
 215 -16.864 -49.768 17 25 9 1 6 1 2 4 8 16 32 69 293
 216 47.919 13.629 15 16 14 1 6 1 2 4 8 16 32 141 410
 217 -10.724 -2.075 4 1 6 1 6 1 2 4 8 16 32 151 461
