6 2 144 6 2
475 190
 1 -3.799 44.290 0 0 0 0 0 0 1000
 2 -40.289 -42.303 6 20 19 1 6 1 2 4 8 16 32 101 341
 3 -64.709 -17.389 3 10 2 1 6 1 2 4 8 16 32 208 482
 4 5.060 -14.349 23 8 8 1 6 1 2 4 8 16 32 218 450
 5 72.095 20.233 1 6 22 1 6 1 2 4 8 16 32 123 469
 6 2.594 -15.002 18 1 9 1 6 1 2 4 8 16 32 145 419
 7 -24.176 -72.894 8 19 15 1 6 1 2 4 8 16 32 188 433
 8 -13.190 66.498 2 13 25 1 6 1 2 4 8 16 32 154 335
 9 33.191 13.690 9 24 11 1 6 1 2 4 8 16 32 149 461
 10 66.827 -30.554 1 15 21 1 6 1 2 4 8 16 32 163 389
 11 19.934 35.883 20 13 13 1 6 1 2 4 8 16 32 173 410
 12 -27.771 32.269 23 10 25 1 6 1 2 4 8 16 32 222 410
 13 51.154 -16.827 22 4 6 1 6 1 2 4 8 16 32 102 338
 14 -19.214 23.749 24 12 19 1 6 1 2 4 8 16 32 62 269
 15 -46.643 -52.954 21 21 4 1 6 1 2 4 8 16 32 228 558
 16 -10.590 -16.626 18 2 10 1 6 1 2 4 8 16 32 91 444
 17 35.150 12.622 21 10 13 1 6 1 2 4 8 16 32 155 370
 18 -37.378 12.256 7 20 13 1 6 1 2 4 8 16 32 67 347
 19 82.794 25.836 4 9 20 1 6 1 2 4 8 16 32 64 353
 20 8.936 -3.723 21 24 21 1 6 1 2 4 8 16 32 211 414
 21 -56.659 25.555 13 19 20 1 6 1 2 4 8 16 32 229 423
 22 -52.020 -40.137 18 13 5 1 6 1 2 4 8 16 32 291 516
 23 39.270 12.787 4 14 24 1 6 1 2 4 8 16 32 222 519
 24 19.757 21.228 3 17 17 1 6 1 2 4 8 16 32 228 578
 25 -23.071 -12.659 12 25 8 1 6 1 2 4 8 16 32 136 465
 26 15.686 52.374 5 1 3 1 6 1 2 4 8 16 32 152 340
 27 58.771 -7.056 8 9 24 1 6 1 2 4 8 16 32 220 442
 28 -33.087 72.266 14 12 19 1 6 1 2 4 8 16 32 122 449
 29 2.551 46.851 10 22 20 1 6 1 2 4 8 16 32 295 543
 30 -18.719 73.126 14 2 24 1 6 1 2 4 8 16 32 280 505
 31 -67.627 -20.679 19 21 24 1 6 1 2 4 8 16 32 154 456
 32 -76.862 -11.365 20 8 6 1 6 1 2 4 8 16 32 246 443
 33 -24.194 -38.263 21 19 5 1 6 1 2 4 8 16 32 138 396
 34 -20.374 -31.903 11 24 13 1 6 1 2 4 8 16 32 195 375
 35 9.290 39.618 14 24 8 1 6 1 2 4 8 16 32 229 417
 36 26.044 35.974 6 2 8 1 6 1 2 4 8 16 32 247 575
 37 -57.385 -45.264 7 20 15 1 6 1 2 4 8 16 32 204 406
 38 1.489 -62.592 3 20 25 1 6 1 2 4 8 16 32 156 423
 39 34.937 13.672 22 5 9 1 6 1 2 4 8 16 32 141 450
 40 -22.290 45.648 21 17 20 1 6 1 2 4 8 16 32 234 489
 41 -5.920 44.061 12 4 11 1 6 1 2 4 8 16 32 245 511
 42 -38.446 -23.541 1 21 22 1 6 1 2 4 8 16 32 216 402
 43 28.894 33.936 11 3 24 1 6 1 2 4 8 16 32 224 547
 44 -35.388 -5.341 12 16 17 1 6 1 2 4 8 16 32 127 338
 45 -19.501 13.519 19 14 16 1 6 1 2 4 8 16 32 63 389
 46 -9.216 -30.988 8 6 8 1 6 1 2 4 8 16 32 95 288
 47 -22.131 -17.065 11 5 22 1 6 1 2 4 8 16 32 290 546
 48 -22.827 36.810 18 12 21 1 6 1 2 4 8 16 32 289 591
 49 -61.365 -18.463 6 23 12 1 6 1 2 4 8 16 32 192 547
 50 50.128 -66.046 3 12 24 1 6 1 2 4 8 16 32 92 447
 51 25.647 24.139 6 18 10 1 6 1 2 4 8 16 32 245 601
 52 65.521 42.810 10 24 13 1 6 1 2 4 8 16 32 83 277
 53 -60.956 -47.925 7 3 4 1 6 1 2 4 8 16 32 275 535
 54 -9.070 42.798 17 3 10 1 6 1 2 4 8 16 32 176 495
 55 -19.061 4.480 12 25 21 1 6 1 2 4 8 16 32 63 265
 56 -54.071 -3.870 11 22 14 1 6 1 2 4 8 16 32 133 358
 57 -25.598 -18.866 15 25 10 1 6 1 2 4 8 16 32 170 414
 58 -18.707 84.296 6 15 10 1 6 1 2 4 8 16 32 124 438
 59 -70.184 -39.166 13 18 12 1 6 1 2 4 8 16 32 99 413
 60 -14.636 -0.446 3 8 22 1 6 1 2 4 8 16 32 100 426
 61 -76.465 -38.922 23 20 16 1 6 1 2 4 8 16 32 186 431
 62 44.092 12.433 24 18 1 1 6 1 2 4 8 16 32 226 566
 63 -22.772 -50.867 22 5 3 1 6 1 2 4 8 16 32 288 602
 64 19.104 44.672 11 25 25 1 6 1 2 4 8 16 32 161 344
 65 -44.019 -39.935 24 16 14 1 6 1 2 4 8 16 32 203 448
 66 -2.972 -4.059 8 14 7 1 6 1 2 4 8 16 32 168 391
 67 -24.261 35.907 22 1 12 1 6 1 2 4 8 16 32 159 475
 68 -61.877 -73.901 11 15 2 1 6 1 2 4 8 16 32 164 447
 69 -5.640 -26.721 6 22 4 1 6 1 2 4 8 16 32 94 300
 70 45.844 -36.835 10 6 23 1 6 1 2 4 8 16 32 153 354
 71 -51.746 -79.840 10 24 18 1 6 1 2 4 8 16 32 130 428
 72 -33.008 10.992 20 19 22 1 6 1 2 4 8 16 32 89 311
 73 -25.653 -0.372 2 12 10 1 6 1 2 4 8 16 32 229 568
 74 -21.497 61.487 18 13 9 1 6 1 2 4 8 16 32 205 419
 75 2.032 26.727 8 10 13 1 6 1 2 4 8 16 32 262 451
 76 -26.758 14.807 13 12 9 1 6 1 2 4 8 16 32 105 353
 77 -37.256 -44.861 8 13 12 1 6 1 2 4 8 16 32 145 412
 78 -0.861 -16.418 8 25 7 1 6 1 2 4 8 16 32 275 536
 79 -51.160 34.967 18 12 1 1 6 1 2 4 8 16 32 299 578
 80 -41.266 -76.886 17 2 4 1 6 1 2 4 8 16 32 246 497
 81 -30.255 74.701 10 11 15 1 6 1 2 4 8 16 32 198 533
 82 -46.368 -1.514 23 10 2 1 6 1 2 4 8 16 32 194 382
 83 -71.619 73.077 3 9 13 1 6 1 2 4 8 16 32 277 628
 84 -46.606 -39.948 25 21 14 1 6 1 2 4 8 16 32 174 523
 85 -30.243 67.102 4 14 23 1 6 1 2 4 8 16 32 175 363
 86 -40.997 -43.036 25 15 13 1 6 1 2 4 8 16 32 209 391
 87 -74.286 -52.307 5 6 11 1 6 1 2 4 8 16 32 265 502
 88 -17.609 -71.851 9 25 6 1 6 1 2 4 8 16 32 226 428
 89 2.350 -81.805 18 14 18 1 6 1 2 4 8 16 32 159 370
 90 -85.486 -54.059 16 17 25 1 6 1 2 4 8 16 32 155 487
 91 23.822 10.571 16 8 18 1 6 1 2 4 8 16 32 193 535
 92 -24.530 -31.726 22 4 19 1 6 1 2 4 8 16 32 167 439
 93 -42.474 -15.009 2 17 6 1 6 1 2 4 8 16 32 285 530
 94 -33.624 50.330 22 23 21 1 6 1 2 4 8 16 32 165 520
 95 -81.458 -41.565 11 4 25 1 6 1 2 4 8 16 32 259 608
 96 -73.505 -48.279 24 4 14 1 6 1 2 4 8 16 32 173 360
 97 -3.052 70.898 17 9 6 1 6 1 2 4 8 16 32 108 372
 98 0.946 25.458 12 9 14 1 6 1 2 4 8 16 32 267 464
 99 -54.144 13.525 1 19 1 1 6 1 2 4 8 16 32 212 457
 100 -30.634 7.526 23 12 14 1 6 1 2 4 8 16 32 241 564
 101 -68.335 -34.277 4 25 16 1 6 1 2 4 8 16 32 212 515
 102 7.178 57.935 15 8 20 1 6 1 2 4 8 16 32 71 323
 103 4.712 48.669 15 13 12 1 6 1 2 4 8 16 32 174 414
 104 58.087 26.379 12 3 19 1 6 1 2 4 8 16 32 155 451
 105 18.347 34.784 21 6 6 1 6 1 2 4 8 16 32 82 275
 106 -44.629 -61.975 21 11 2 1 6 1 2 4 8 16 32 230 527
 107 5.231 26.068 15 24 15 1 6 1 2 4 8 16 32 114 418
 108 -48.065 -36.755 21 16 8 1 6 1 2 4 8 16 32 276 600
 109 -3.589 -27.734 19 21 12 1 6 1 2 4 8 16 32 135 475
 110 9.808 36.896 11 25 23 1 6 1 2 4 8 16 32 144 350
 111 59.460 1.233 3 10 24 1 6 1 2 4 8 16 32 125 350
 112 -47.522 19.873 12 2 12 1 6 1 2 4 8 16 32 251 463
 113 -48.431 -50.317 4 13 15 1 6 1 2 4 8 16 32 246 582
 114 44.666 20.953 2 14 17 1 6 1 2 4 8 16 32 82 364
 115 -19.226 32.770 9 19 14 1 6 1 2 4 8 16 32 75 434
 116 -15.662 17.462 21 16 17 1 6 1 2 4 8 16 32 215 524
 117 -91.669 77.722 17 23 8 1 6 1 2 4 8 16 32 286 523
 118 -30.035 -78.284 22 13 24 1 6 1 2 4 8 16 32 265 572
 119 73.663 32.941 24 24 25 1 6 1 2 4 8 16 32 66 271
 120 22.400 -60.083 2 17 24 1 6 1 2 4 8 16 32 165 436
 121 61.206 -13.501 25 8 20 1 6 1 2 4 8 16 32 263 469
 122 22.131 -50.012 21 12 18 1 6 1 2 4 8 16 32 287 470
 123 -6.317 56.665 11 6 12 1 6 1 2 4 8 16 32 269 456
 124 -20.471 12.885 23 20 5 1 6 1 2 4 8 16 32 144 470
 125 -61.084 -44.769 4 20 12 1 6 1 2 4 8 16 32 82 385
 126 -9.576 -19.366 1 24 9 1 6 1 2 4 8 16 32 61 262
 127 5.627 -88.501 15 10 2 1 6 1 2 4 8 16 32 117 302
 128 -2.618 22.131 20 18 25 1 6 1 2 4 8 16 32 271 629
 129 40.497 32.343 8 10 4 1 6 1 2 4 8 16 32 107 375
 130 -3.296 36.774 4 15 23 1 6 1 2 4 8 16 32 141 341
 131 -50.995 19.781 12 12 16 1 6 1 2 4 8 16 32 243 438
 132 -70.520 -3.809 23 22 19 1 6 1 2 4 8 16 32 149 376
 133 4.205 0.812 25 11 14 1 6 1 2 4 8 16 32 136 483
 134 9.955 26.337 5 14 22 1 6 1 2 4 8 16 32 203 529
 135 13.538 -21.313 15 9 9 1 6 1 2 4 8 16 32 174 425
 136 -21.869 -18.768 2 6 21 1 6 1 2 4 8 16 32 269 514
 137 -37.158 -30.768 22 23 3 1 6 1 2 4 8 16 32 148 448
 138 -86.975 10.345 16 8 12 1 6 1 2 4 8 16 32 268 597
 139 -47.272 -46.326 23 22 10 1 6 1 2 4 8 16 32 205 527
 140 4.095 -19.354 13 7 17 1 6 1 2 4 8 16 32 163 356
 141 4.205 30.292 7 15 3 1 6 1 2 4 8 16 32 180 376
 142 -42.017 53.986 20 22 6 1 6 1 2 4 8 16 32 88 360
 143 35.095 -10.895 25 7 20 1 6 1 2 4 8 16 32 238 427
 144 61.188 -59.875 12 14 10 1 6 1 2 4 8 16 32 229 520
 145 -34.674 -1.337 9 21 15 1 6 1 2 4 8 16 32 289 555
