5 15 216 6 2
450 180
 1 3.871 -2.597 0 0 0 0 0 0 1000
 2 -41.235 -66.357 14 3 9 6 1 63 400 548
 3 34.064 -59.357 16 16 19 6 1 63 396 563
 4 20.917 -52.582 17 8 15 6 1 63 60 230
 5 -38.538 -37.396 19 15 7 6 1 63 314 478
 6 41.058 22.931 6 12 24 6 1 63 400 572
 7 -54.034 -53.131 7 13 7 6 1 63 374 526
 8 8.099 80.725 3 8 19 6 1 63 391 536
 9 81.299 13.409 10 24 1 6 1 63 239 360
 10 14.459 -2.972 4 14 6 6 1 63 401 528
 11 -52.539 60.107 17 17 24 6 1 63 462 637
 12 -57.202 -34.229 10 8 19 6 1 63 181 271
 13 -65.552 -40.222 13 11 14 6 1 63 386 530
 14 -19.751 -10.278 20 8 11 6 1 63 433 601
 15 -26.965 -87.012 6 17 1 6 1 63 157 289
 16 3.192 -88.654 18 19 20 6 1 63 331 491
 17 34.521 32.837 3 13 9 6 1 63 354 528
 18 80.035 5.273 10 2 7 6 1 63 381 502
 19 -39.838 -67.731 4 8 19 6 1 63 131 235
 20 14.600 11.365 15 21 12 6 1 63 470 561
 21 -20.990 -80.511 4 13 10 6 1 63 411 552
 22 48.242 47.284 6 17 17 6 1 63 392 544
 23 59.338 -31.860 19 4 10 6 1 63 417 577
 24 -13.995 -45.624 7 22 18 6 1 63 269 361
 25 32.397 -32.532 20 24 19 6 1 63 385 504
 26 2.826 50.824 12 11 3 6 1 63 164 336
 27 -66.077 -34.686 8 6 21 6 1 63 424 575
 28 -13.660 18.640 18 19 7 6 1 63 81 181
 29 -59.344 12.769 1 11 24 6 1 63 386 496
 30 -5.133 -18.463 25 23 17 6 1 63 86 212
 31 -22.961 -21.729 16 4 25 6 1 63 372 487
 32 58.130 46.606 5 5 5 6 1 63 469 586
 33 -49.603 -76.624 7 16 24 6 1 63 435 529
 34 -4.803 43.036 20 2 2 6 1 63 424 599
 35 68.616 -19.623 3 13 1 6 1 63 369 511
 36 37.915 63.599 11 11 9 6 1 63 215 375
 37 1.251 -26.550 15 9 8 6 1 63 244 391
 38 -37.952 1.685 15 18 21 6 1 63 253 416
 39 -40.503 8.038 8 7 20 6 1 63 476 604
 40 -8.392 -38.678 13 24 9 6 1 63 374 494
 41 -36.725 25.494 16 5 6 6 1 63 413 520
 42 -47.754 -50.073 4 2 2 6 1 63 320 453
 43 22.595 -28.357 9 5 12 6 1 63 100 253
 44 -36.365 -48.163 5 5 21 6 1 63 71 221
 45 75.452 -13.422 20 3 23 6 1 63 432 555
 46 -64.520 -13.232 10 13 21 6 1 63 193 320
 47 1.257 29.156 9 2 10 6 1 63 476 600
 48 -1.569 -35.974 18 10 10 6 1 63 450 581
 49 46.747 6.696 13 12 2 6 1 63 189 304
 50 82.080 27.057 17 24 25 6 1 63 177 324
 51 74.695 19.366 22 21 2 6 1 63 172 307
 52 47.015 9.338 5 18 19 6 1 63 367 502
 53 -62.036 -21.326 12 5 11 6 1 63 389 512
 54 9.192 20.038 4 15 10 6 1 63 454 561
 55 -3.094 21.582 5 11 3 6 1 63 410 581
 56 -75.446 13.086 22 7 21 3 2 21 42 237 372
 57 10.034 -63.739 7 3 6 3 2 21 42 176 277
 58 71.814 26.501 12 17 10 3 2 21 42 379 514
 59 18.842 -38.019 10 14 4 3 2 21 42 462 640
 60 -10.541 -31.305 18 14 11 3 2 21 42 138 312
 61 8.252 -91.150 17 7 19 3 2 21 42 384 543
 62 72.821 -38.916 3 12 12 3 2 21 42 458 598
 63 -30.157 38.776 1 5 1 3 2 21 42 347 454
 64 -56.256 -5.548 9 11 4 3 2 21 42 192 341
 65 -8.398 -37.604 12 17 8 3 2 21 42 222 375
 66 15.021 13.708 4 3 9 3 2 21 42 272 364
 67 -60.199 24.292 2 7 8 3 2 21 42 323 459
 68 -13.794 -27.106 18 13 16 3 2 21 42 250 380
 69 -34.796 -22.205 23 20 12 3 2 21 42 412 579
 70 69.641 83.057 14 13 22 3 2 21 42 350 458
 71 -44.440 30.090 6 4 8 3 2 21 42 119 277
 72 48.633 3.021 1 3 17 3 2 21 42 163 289
 73 -15.314 51.709 6 24 9 3 2 21 42 193 284
 74 36.261 26.782 6 23 9 3 2 21 42 416 582
 75 59.961 24.310 8 21 14 3 2 21 42 423 579
 76 55.304 6.628 25 23 5 3 2 21 42 202 310
 77 39.960 48.297 3 10 13 3 2 21 42 354 522
 78 -48.895 -71.100 3 21 15 3 2 21 42 308 483
 79 -2.338 -62.909 16 24 2 3 2 21 42 325 444
 80 9.491 -41.901 5 9 8 3 2 21 42 388 504
 81 -54.675 -18.439 6 22 11 3 2 21 42 129 222
 82 10.980 -7.605 6 3 8 3 2 21 42 225 335
 83 -69.824 -50.354 16 6 16 3 2 21 42 383 510
 84 -40.308 -7.452 6 11 7 3 2 21 42 382 552
 85 62.244 43.628 13 10 7 3 2 21 42 130 302
 86 29.077 63.116 4 15 13 3 2 21 42 282 432
 87 -12.067 -21.509 12 9 21 3 2 21 42 382 535
 88 14.728 28.906 15 20 2 3 2 21 42 392 563
 89 -63.086 -60.114 10 19 15 3 2 21 42 397 529
 90 33.655 -0.928 19 19 8 3 2 21 42 227 394
 91 -12.225 14.148 19 19 13 3 2 21 42 193 315
 92 -89.966 51.514 1 20 6 3 2 21 42 121 273
 93 -0.763 41.339 22 1 3 3 2 21 42 282 446
 94 80.695 32.983 20 15 5 3 2 21 42 155 258
 95 -53.394 -14.240 5 18 20 3 2 21 42 368 515
 96 -53.284 -64.136 12 2 7 3 2 21 42 404 557
 97 73.260 10.669 4 25 1 3 2 21 42 176 333
 98 59.613 13.452 12 20 8 3 2 21 42 117 278
 99 -37.012 6.476 8 18 23 3 2 21 42 372 484
 100 -53.656 21.692 10 8 5 3 2 21 42 376 470
 101 -36.890 18.372 2 3 5 3 2 21 42 448 543
 102 -4.608 -13.806 25 2 13 3 2 21 42 314 486
 103 53.802 36.993 14 15 8 3 2 21 42 336 489
 104 48.468 -66.040 20 21 16 3 2 21 42 258 425
 105 -46.393 -20.929 11 6 17 3 2 21 42 127 290
 106 -15.045 -40.845 4 24 2 3 2 21 42 177 295
 107 -73.621 -9.552 6 19 13 3 2 21 42 443 579
 108 92.847 45.587 8 23 1 3 2 21 42 104 249
 109 33.557 28.064 5 16 4 3 2 21 42 359 496
 110 47.321 24.414 3 16 3 2 3 9 18 36 135 243
 111 -6.610 -30.157 4 9 23 2 3 9 18 36 474 581
 112 12.103 23.840 24 1 3 2 3 9 18 36 384 493
 113 -61.963 26.239 4 10 17 2 3 9 18 36 458 552
 114 23.877 9.808 11 14 7 2 3 9 18 36 174 334
 115 49.780 6.866 23 11 15 2 3 9 18 36 352 464
 116 -53.021 -21.484 1 4 17 2 3 9 18 36 200 298
 117 54.962 2.985 15 23 22 2 3 9 18 36 420 557
 118 4.865 -69.586 12 23 3 2 3 9 18 36 235 390
 119 33.948 45.209 10 22 22 2 3 9 18 36 420 595
 120 -32.166 -23.621 24 11 2 2 3 9 18 36 290 386
 121 -17.548 -46.765 5 14 19 2 3 9 18 36 233 332
 122 31.744 33.972 23 12 15 2 3 9 18 36 353 489
 123 45.374 22.131 15 13 4 2 3 9 18 36 203 296
 124 -5.219 -23.114 6 11 20 2 3 9 18 36 296 398
 125 -51.056 -46.545 20 9 14 2 3 9 18 36 183 324
 126 11.774 11.133 13 6 25 2 3 9 18 36 110 256
 127 -39.758 -13.019 3 25 13 2 3 9 18 36 260 375
 128 27.930 29.321 3 21 1 2 3 9 18 36 401 502
 129 33.740 66.595 25 13 2 2 3 9 18 36 478 642
 130 -91.815 29.858 15 23 18 2 3 9 18 36 343 494
 131 -24.628 -68.701 6 8 3 2 3 9 18 36 420 589
 132 44.659 20.465 4 7 11 2 3 9 18 36 176 284
 133 45.447 -21.069 14 8 4 2 3 9 18 36 189 304
 134 -37.366 -12.097 15 9 23 2 3 9 18 36 397 517
 135 41.998 0.153 17 2 1 2 3 9 18 36 269 432
 136 -42.822 -30.170 12 24 19 2 3 9 18 36 111 228
 137 34.906 -4.578 2 7 24 2 3 9 18 36 132 230
 138 -65.137 -43.079 11 23 5 2 3 9 18 36 147 252
 139 20.270 -4.999 5 21 11 2 3 9 18 36 222 313
 140 -36.731 -8.929 20 12 11 2 3 9 18 36 356 483
 141 -26.984 -19.568 16 23 23 2 3 9 18 36 443 558
 142 -31.299 -83.813 13 18 11 2 3 9 18 36 85 212
 143 -26.794 12.506 9 5 25 2 3 9 18 36 224 349
 144 -39.362 -58.521 23 15 8 2 3 9 18 36 466 617
 145 -34.369 0.610 11 11 24 2 3 9 18 36 410 564
 146 43.372 4.187 14 8 17 2 3 9 18 36 300 432
 147 -38.226 -9.448 3 2 23 2 3 9 18 36 298 462
 148 -25.610 -99.237 9 6 21 2 3 9 18 36 140 274
 149 48.059 29.517 21 23 16 2 3 9 18 36 150 241
 150 -43.628 -32.318 24 9 13 2 3 9 18 36 458 589
 151 -16.602 -29.327 4 1 17 2 3 9 18 36 402 575
 152 -29.810 -12.408 18 12 17 2 3 9 18 36 118 236
 153 -51.910 -28.711 10 17 19 2 3 9 18 36 334 448
 154 -1.801 -18.671 3 2 19 2 3 9 18 36 353 489
 155 18.738 21.399 4 5 14 2 3 9 18 36 448 603
 156 60.120 7.788 25 1 2 2 3 9 18 36 298 437
 157 43.079 42.017 3 20 23 2 3 9 18 36 396 547
 158 -39.435 -5.902 22 19 13 2 3 9 18 36 209 388
 159 -35.889 -16.034 19 13 1 2 3 9 18 36 60 173
 160 -41.827 38.995 20 10 2 2 3 9 18 36 104 205
 161 84.497 29.822 7 9 12 2 3 9 18 36 257 351
 162 -17.560 -10.480 19 14 10 2 3 9 18 36 283 426
 163 -48.383 -48.920 19 4 23 2 3 9 18 36 162 341
 164 -49.335 -17.969 22 20 18 1 6 1 2 4 8 16 32 283 377
 165 16.095 -2.490 4 17 3 1 6 1 2 4 8 16 32 104 203
 166 65.527 14.026 25 19 4 1 6 1 2 4 8 16 32 219 335
 167 -2.930 13.220 23 19 18 1 6 1 2 4 8 16 32 112 211
 168 -18.768 -23.663 24 16 21 1 6 1 2 4 8 16 32 224 386
 169 -91.095 -80.737 25 4 3 1 6 1 2 4 8 16 32 335 500
 170 -21.088 -13.293 4 1 21 1 6 1 2 4 8 16 32 233 342
 171 46.985 17.224 3 21 19 1 6 1 2 4 8 16 32 450 601
 172 -61.957 -33.038 7 9 12 1 6 1 2 4 8 16 32 69 215
 173 -9.003 -25.452 10 2 16 1 6 1 2 4 8 16 32 391 531
 174 33.661 -7.666 10 24 1 1 6 1 2 4 8 16 32 356 473
 175 -25.592 -10.840 23 1 24 1 6 1 2 4 8 16 32 344 508
 176 36.560 -2.441 18 21 20 1 6 1 2 4 8 16 32 454 602
 177 7.141 24.817 8 13 13 1 6 1 2 4 8 16 32 270 440
 178 -43.170 -30.487 16 15 14 1 6 1 2 4 8 16 32 253 430
 179 -21.228 0.751 4 4 5 1 6 1 2 4 8 16 32 230 365
 180 19.696 10.767 14 10 18 1 6 1 2 4 8 16 32 309 485
 181 -6.494 -29.425 23 19 11 1 6 1 2 4 8 16 32 104 255
 182 54.388 8.630 17 1 6 1 6 1 2 4 8 16 32 468 602
 183 64.203 77.612 7 25 21 1 6 1 2 4 8 16 32 415 541
 184 40.381 1.611 8 3 24 1 6 1 2 4 8 16 32 273 405
 185 -41.711 -5.133 14 21 13 1 6 1 2 4 8 16 32 303 457
 186 74.274 -19.922 22 7 13 1 6 1 2 4 8 16 32 452 579
 187 -73.999 -54.626 7 18 23 1 6 1 2 4 8 16 32 256 403
 188 29.706 15.454 16 3 20 1 6 1 2 4 8 16 32 391 543
 189 23.785 12.177 24 1 24 1 6 1 2 4 8 16 32 183 305
 190 42.578 45.325 15 2 23 1 6 1 2 4 8 16 32 125 280
 191 -16.730 -16.559 15 8 24 1 6 1 2 4 8 16 32 431 543
 192 -14.697 -0.116 5 10 18 1 6 1 2 4 8 16 32 69 197
 193 -19.769 8.392 9 19 20 1 6 1 2 4 8 16 32 112 204
 194 -30.267 14.893 24 17 1 1 6 1 2 4 8 16 32 319 496
 195 -63.116 -67.462 6 19 9 1 6 1 2 4 8 16 32 340 491
 196 86.029 38.916 3 24 16 1 6 1 2 4 8 16 32 278 390
 197 79.480 -24.866 24 24 11 1 6 1 2 4 8 16 32 451 593
 198 35.144 14.734 22 6 15 1 6 1 2 4 8 16 32 454 559
 199 -49.365 -9.052 2 2 10 1 6 1 2 4 8 16 32 266 364
 200 -49.475 -17.578 21 7 17 1 6 1 2 4 8 16 32 466 640
 201 57.501 16.327 17 10 13 1 6 1 2 4 8 16 32 233 372
 202 54.889 12.024 13 13 10 1 6 1 2 4 8 16 32 139 295
 203 -53.027 -33.179 21 20 25 1 6 1 2 4 8 16 32 351 487
 204 -0.415 16.644 3 1 2 1 6 1 2 4 8 16 32 242 400
 205 21.594 16.144 9 17 16 1 6 1 2 4 8 16 32 199 316
 206 -46.924 -49.261 14 17 5 1 6 1 2 4 8 16 32 98 199
 207 18.457 19.733 9 16 4 1 6 1 2 4 8 16 32 136 307
 208 35.822 19.763 3 9 24 1 6 1 2 4 8 16 32 376 517
 209 71.869 29.034 22 25 25 1 6 1 2 4 8 16 32 114 290
 210 -56.378 -42.755 13 1 11 1 6 1 2 4 8 16 32 311 440
 211 -25.800 25.159 10 23 15 1 6 1 2 4 8 16 32 368 467
 212 -5.676 33.850 7 10 15 1 6 1 2 4 8 16 32 184 355
 213 54.041 -5.292 3 15 23 1 6 1 2 4 8 16 32 436 557
 214 -63.074 27.380 11 25 9 1 6 1 2 4 8 16 32 412 585
 215 -16.864 -49.768 17 25 9 1 6 1 2 4 8 16 32 338 488
 216 47.919 13.629 15 16 14 1 6 1 2 4 8 16 32 99 265
 217 -10.724 -2.075 4 1 6 1 6 1 2 4 8 16 32 372 525
