6 4 288 6 2
425 170
 1 -40.198 -12.781 0 0 0 0 0 0 1000
 2 12.805 1.886 15 10 18 1 6 1 2 4 8 16 32 120 382
 3 18.213 1.373 7 21 23 1 6 1 2 4 8 16 32 213 516
 4 57.947 -48.779 10 8 11 1 6 1 2 4 8 16 32 229 449
 5 -52.429 -84.088 20 23 5 1 6 1 2 4 8 16 32 189 489
 6 60.797 -32.593 11 10 3 1 6 1 2 4 8 16 32 85 396
 7 23.151 4.205 7 9 5 1 6 1 2 4 8 16 32 250 564
 8 25.385 22.986 14 21 16 1 6 1 2 4 8 16 32 64 321
 9 25.513 -52.985 15 16 4 1 6 1 2 4 8 16 32 158 375
 10 -49.261 -41.718 8 21 7 1 6 1 2 4 8 16 32 84 323
 11 -37.561 -41.730 5 3 12 1 6 1 2 4 8 16 32 129 447
 12 -14.520 48.962 17 24 21 1 6 1 2 4 8 16 32 266 529
 13 41.229 -24.500 1 2 5 1 6 1 2 4 8 16 32 229 572
 14 -21.863 0.916 3 4 18 1 6 1 2 4 8 16 32 111 413
 15 -48.181 -16.284 8 18 15 1 6 1 2 4 8 16 32 95 454
 16 -7.776 44.348 14 5 21 1 6 1 2 4 8 16 32 140 434
 17 20.801 10.760 3 13 1 1 6 1 2 4 8 16 32 274 583
 18 -29.712 -46.326 6 13 15 1 6 1 2 4 8 16 32 296 479
 19 -20.203 -59.564 23 14 4 1 6 1 2 4 8 16 32 83 400
 20 -87.079 -52.899 14 10 8 1 6 1 2 4 8 16 32 270 608
 21 3.046 -6.305 1 3 11 1 6 1 2 4 8 16 32 254 463
 22 11.865 5.261 2 1 22 1 6 1 2 4 8 16 32 98 314
 23 -24.072 -55.927 17 11 4 1 6 1 2 4 8 16 32 233 486
 24 -22.803 5.658 15 16 14 1 6 1 2 4 8 16 32 212 476
 25 -51.904 9.412 18 6 13 1 6 1 2 4 8 16 32 297 592
 26 12.732 -40.967 15 18 4 1 6 1 2 4 8 16 32 245 496
 27 -30.988 7.654 7 11 5 1 6 1 2 4 8 16 32 296 480
 28 37.512 0.458 4 15 21 1 6 1 2 4 8 16 32 102 399
 29 2.954 -8.563 24 17 7 1 6 1 2 4 8 16 32 142 442
 30 0.549 3.644 18 17 24 1 6 1 2 4 8 16 32 185 478
 31 -52.484 9.711 2 1 25 1 6 1 2 4 8 16 32 80 284
 32 33.936 -48.718 4 1 24 1 6 1 2 4 8 16 32 205 412
 33 -13.129 -53.601 11 18 21 1 6 1 2 4 8 16 32 118 472
 34 -99.591 23.303 25 3 17 1 6 1 2 4 8 16 32 202 421
 35 6.439 -3.516 15 21 12 1 6 1 2 4 8 16 32 239 457
 36 -14.032 -19.818 18 22 3 1 6 1 2 4 8 16 32 69 346
 37 -24.677 16.608 9 14 6 1 6 1 2 4 8 16 32 296 552
 38 -10.260 -81.769 23 4 14 1 6 1 2 4 8 16 32 255 454
 39 35.858 5.597 22 17 16 1 6 1 2 4 8 16 32 263 457
 40 -11.603 42.908 9 16 1 1 6 1 2 4 8 16 32 172 437
 41 -34.662 -15.466 20 8 11 1 6 1 2 4 8 16 32 202 548
 42 66.852 1.135 13 14 1 1 6 1 2 4 8 16 32 107 289
 43 6.866 -1.416 3 23 9 1 6 1 2 4 8 16 32 160 372
 44 1.660 -2.234 6 1 18 1 6 1 2 4 8 16 32 293 619
 45 37.561 11.450 18 21 14 1 6 1 2 4 8 16 32 65 260
 46 51.672 -26.343 9 10 11 1 6 1 2 4 8 16 32 269 539
 47 19.025 -10.889 24 19 19 1 6 1 2 4 8 16 32 72 388
 48 -37.982 -6.360 19 6 20 1 6 1 2 4 8 16 32 143 436
 49 -56.537 -42.334 11 4 12 1 6 1 2 4 8 16 32 239 568
 50 1.099 -14.624 14 18 18 1 6 1 2 4 8 16 32 144 491
 51 -56.238 -3.076 15 23 23 1 6 1 2 4 8 16 32 214 546
 52 -23.669 -15.289 5 25 25 1 6 1 2 4 8 16 32 76 269
 53 -34.277 -1.410 18 17 13 1 6 1 2 4 8 16 32 225 558
 54 -64.178 63.812 22 11 7 1 6 1 2 4 8 16 32 114 337
 55 -47.083 -20.386 13 20 8 1 6 1 2 4 8 16 32 191 406
 56 -33.710 8.380 11 9 25 1 6 1 2 4 8 16 32 218 419
 57 34.290 26.031 11 23 1 1 6 1 2 4 8 16 32 193 546
 58 -38.861 42.114 1 14 6 1 6 1 2 4 8 16 32 106 403
 59 -92.731 44.885 25 7 25 1 6 1 2 4 8 16 32 75 263
 60 23.633 27.643 19 15 4 1 6 1 2 4 8 16 32 159 370
 61 -67.139 -67.078 13 22 25 1 6 1 2 4 8 16 32 191 426
 62 25.726 -25.836 7 4 20 1 6 1 2 4 8 16 32 174 392
 63 -40.985 -16.895 2 14 8 1 6 1 2 4 8 16 32 144 464
 64 77.008 -6.097 16 24 18 1 6 1 2 4 8 16 32 178 466
 65 -54.810 -1.935 2 13 23 1 6 1 2 4 8 16 32 156 416
 66 -53.943 -29.663 1 9 13 1 6 1 2 4 8 16 32 209 432
 67 16.089 -27.887 19 3 14 1 6 1 2 4 8 16 32 222 482
 68 -59.436 36.487 24 23 17 1 6 1 2 4 8 16 32 163 355
 69 34.473 25.391 19 2 22 1 6 1 2 4 8 16 32 270 508
 70 -9.283 -6.689 24 23 8 1 6 1 2 4 8 16 32 219 511
 71 -85.559 -20.477 10 8 19 1 6 1 2 4 8 16 32 71 279
 72 29.523 18.347 19 23 15 1 6 1 2 4 8 16 32 290 612
 73 27.814 6.512 1 13 25 1 6 1 2 4 8 16 32 193 393
 74 42.151 -25.580 19 25 1 1 6 1 2 4 8 16 32 219 402
 75 82.202 85.828 25 25 24 1 6 1 2 4 8 16 32 115 364
 76 -47.766 -35.590 24 20 13 1 6 1 2 4 8 16 32 125 428
 77 22.015 -20.349 11 9 22 1 6 1 2 4 8 16 32 70 417
 78 -55.756 -33.490 7 15 22 1 6 1 2 4 8 16 32 214 554
 79 62.006 -1.453 25 4 17 1 6 1 2 4 8 16 32 92 288
 80 25.549 -3.796 3 1 12 1 6 1 2 4 8 16 32 202 439
 81 -43.372 -7.379 3 7 6 1 6 1 2 4 8 16 32 194 447
 82 60.297 52.637 18 12 19 1 6 1 2 4 8 16 32 266 528
 83 -96.155 34.100 18 5 4 1 6 1 2 4 8 16 32 199 516
 84 -32.806 -3.845 9 8 15 1 6 1 2 4 8 16 32 104 432
 85 -47.827 -45.203 21 1 24 1 6 1 2 4 8 16 32 268 480
 86 -31.128 -93.848 21 24 18 1 6 1 2 4 8 16 32 174 443
 87 -17.010 -21.857 21 23 25 1 6 1 2 4 8 16 32 161 401
 88 -8.386 -2.264 11 12 15 1 6 1 2 4 8 16 32 228 517
 89 35.834 13.147 2 2 9 1 6 1 2 4 8 16 32 206 425
 90 29.315 54.468 4 22 2 1 6 1 2 4 8 16 32 208 393
 91 48.352 -8.783 3 3 4 1 6 1 2 4 8 16 32 78 425
 92 -2.930 27.039 8 12 18 1 6 1 2 4 8 16 32 276 456
 93 -16.620 -55.389 20 16 25 1 6 1 2 4 8 16 32 60 246
 94 -40.851 -47.742 23 8 17 1 6 1 2 4 8 16 32 246 584
 95 -12.878 -2.039 15 25 5 1 6 1 2 4 8 16 32 155 430
 96 -51.776 7.281 3 6 23 1 6 1 2 4 8 16 32 244 558
 97 -32.922 23.828 14 24 22 1 6 1 2 4 8 16 32 279 601
 98 13.983 -34.521 8 16 24 1 6 1 2 4 8 16 32 206 405
 99 -35.834 -23.834 4 7 25 1 6 1 2 4 8 16 32 284 558
 100 91.858 5.542 19 9 9 1 6 1 2 4 8 16 32 297 542
 101 -28.442 -34.180 6 23 15 1 6 1 2 4 8 16 32 134 356
 102 33.844 27.875 1 24 12 1 6 1 2 4 8 16 32 87 323
 103 98.431 31.348 2 19 2 1 6 1 2 4 8 16 32 201 392
 104 -57.751 -27.753 3 9 10 1 6 1 2 4 8 16 32 253 502
 105 -43.890 13.007 24 10 7 1 6 1 2 4 8 16 32 79 362
 106 37.585 49.768 6 23 23 1 6 1 2 4 8 16 32 94 421
 107 -3.687 7.373 14 2 1 1 6 1 2 4 8 16 32 205 454
 108 -98.242 61.658 22 5 6 1 6 1 2 4 8 16 32 120 392
 109 -23.560 -32.520 14 25 3 1 6 1 2 4 8 16 32 117 327
 110 22.980 -18.109 7 17 23 1 6 1 2 4 8 16 32 148 463
 111 43.915 -2.985 13 23 23 1 6 1 2 4 8 16 32 292 640
 112 71.509 11.652 19 23 18 1 6 1 2 4 8 16 32 239 522
 113 -43.011 -38.702 6 13 19 1 6 1 2 4 8 16 32 179 381
 114 -83.954 2.179 4 2 9 1 6 1 2 4 8 16 32 185 534
 115 11.090 -40.942 17 24 13 1 6 1 2 4 8 16 32 98 351
 116 27.173 -13.330 17 22 4 1 6 1 2 4 8 16 32 81 338
 117 -86.102 -59.808 13 20 24 1 6 1 2 4 8 16 32 108 425
 118 -22.345 -78.278 21 15 7 1 6 1 2 4 8 16 32 87 401
 119 -38.727 -33.588 8 12 21 1 6 1 2 4 8 16 32 132 429
 120 -1.227 -28.668 7 17 8 1 6 1 2 4 8 16 32 252 553
 121 81.329 -44.244 15 21 21 1 6 1 2 4 8 16 32 223 574
 122 51.904 19.891 5 10 23 1 6 1 2 4 8 16 32 165 479
 123 -34.973 -27.856 6 4 14 1 6 1 2 4 8 16 32 217 474
 124 -51.483 -23.248 17 21 9 1 6 1 2 4 8 16 32 269 505
 125 -0.647 -46.057 4 3 2 1 6 1 2 4 8 16 32 283 524
 126 68.219 -66.986 25 17 23 1 6 1 2 4 8 16 32 61 292
 127 -15.149 -25.482 11 19 12 1 6 1 2 4 8 16 32 187 383
 128 22.412 -34.375 17 10 15 1 6 1 2 4 8 16 32 264 482
 129 36.176 -10.431 17 21 14 1 6 1 2 4 8 16 32 225 480
 130 -23.639 -47.681 2 21 17 1 6 1 2 4 8 16 32 140 485
 131 -14.722 32.684 7 6 23 1 6 1 2 4 8 16 32 185 380
 132 16.821 -12.720 16 8 17 1 6 1 2 4 8 16 32 139 406
 133 93.378 23.004 2 8 14 1 6 1 2 4 8 16 32 271 542
 134 40.344 -24.176 12 13 6 1 6 1 2 4 8 16 32 89 394
 135 5.530 -4.901 7 7 10 1 6 1 2 4 8 16 32 98 345
 136 -78.015 1.270 19 11 4 1 6 1 2 4 8 16 32 253 567
 137 51.569 -45.673 16 18 5 1 6 1 2 4 8 16 32 170 457
 138 49.249 -30.896 17 10 18 1 6 1 2 4 8 16 32 248 497
 139 -62.195 -21.399 8 25 10 1 6 1 2 4 8 16 32 281 587
 140 -5.048 7.306 24 7 4 1 6 1 2 4 8 16 32 277 498
 141 1.727 -70.221 10 17 21 1 6 1 2 4 8 16 32 201 386
 142 1.361 -3.564 20 20 11 1 6 1 2 4 8 16 32 149 417
 143 -15.521 16.425 8 18 2 1 6 1 2 4 8 16 32 207 522
 144 -31.604 -60.938 6 21 11 1 6 1 2 4 8 16 32 298 617
 145 -46.997 -55.560 5 14 3 1 6 1 2 4 8 16 32 111 317
 146 2.301 5.536 23 2 10 1 6 1 2 4 8 16 32 268 488
 147 -30.328 -0.580 14 18 13 1 6 1 2 4 8 16 32 92 302
 148 -16.821 17.664 23 10 4 1 6 1 2 4 8 16 32 95 402
 149 52.655 29.034 13 5 7 1 6 1 2 4 8 16 32 69 374
 150 -11.993 -83.771 12 15 25 1 6 1 2 4 8 16 32 265 494
 151 41.632 43.048 13 17 21 1 6 1 2 4 8 16 32 208 472
 152 8.508 -2.539 20 12 9 1 6 1 2 4 8 16 32 185 469
 153 31.512 -8.978 14 14 17 1 6 1 2 4 8 16 32 255 472
 154 -3.339 -36.243 6 3 19 1 6 1 2 4 8 16 32 193 467
 155 -26.379 13.776 4 7 10 1 6 1 2 4 8 16 32 284 610
 156 28.430 10.571 13 21 4 1 6 1 2 4 8 16 32 78 401
 157 5.975 27.289 1 7 8 1 6 1 2 4 8 16 32 75 290
 158 -32.135 -45.068 9 5 21 1 6 1 2 4 8 16 32 118 403
 159 31.097 -7.916 5 24 3 1 6 1 2 4 8 16 32 199 496
 160 28.198 -29.755 7 13 11 1 6 1 2 4 8 16 32 222 422
 161 -39.612 -33.594 4 18 8 1 6 1 2 4 8 16 32 94 319
 162 -19.220 -5.133 12 19 14 1 6 1 2 4 8 16 32 74 300
 163 -10.114 69.977 20 22 16 1 6 1 2 4 8 16 32 288 515
 164 22.894 -44.348 20 13 10 1 6 1 2 4 8 16 32 196 555
 165 -34.741 0.580 14 10 23 1 6 1 2 4 8 16 32 227 408
 166 -44.952 -77.734 11 4 15 1 6 1 2 4 8 16 32 95 420
 167 -23.749 -56.012 1 17 1 1 6 1 2 4 8 16 32 290 498
 168 69.073 -97.125 5 2 10 1 6 1 2 4 8 16 32 122 459
 169 12.170 -59.869 1 18 25 1 6 1 2 4 8 16 32 175 530
 170 47.339 17.365 14 2 2 1 6 1 2 4 8 16 32 114 325
 171 -4.706 14.056 19 18 4 1 6 1 2 4 8 16 32 75 317
 172 -52.374 -50.244 16 13 10 1 6 1 2 4 8 16 32 232 461
 173 39.215 -29.773 21 24 5 1 6 1 2 4 8 16 32 194 420
 174 -42.316 -60.602 9 25 24 1 6 1 2 4 8 16 32 178 360
 175 19.135 41.150 1 2 17 1 6 1 2 4 8 16 32 214 481
 176 -54.706 -17.596 18 2 17 1 6 1 2 4 8 16 32 60 381
 177 11.737 -83.173 7 7 5 1 6 1 2 4 8 16 32 271 477
 178 -40.582 -53.247 15 23 15 1 6 1 2 4 8 16 32 280 576
 179 -6.421 21.967 21 21 10 1 6 1 2 4 8 16 32 244 592
 180 -31.268 -34.613 4 18 11 1 6 1 2 4 8 16 32 113 467
 181 -3.668 -26.868 21 21 22 1 6 1 2 4 8 16 32 114 401
 182 13.409 -22.302 10 23 19 1 6 1 2 4 8 16 32 278 611
 183 -95.892 -86.322 16 16 21 1 6 1 2 4 8 16 32 137 428
 184 88.983 -53.387 21 22 10 1 6 1 2 4 8 16 32 279 469
 185 -55.048 -32.538 7 11 2 1 6 1 2 4 8 16 32 190 465
 186 27.850 -10.028 8 22 18 1 6 1 2 4 8 16 32 147 429
 187 40.918 -36.090 6 10 1 1 6 1 2 4 8 16 32 189 521
 188 -58.350 15.814 23 15 17 1 6 1 2 4 8 16 32 240 534
 189 -52.161 -74.725 18 23 15 1 6 1 2 4 8 16 32 208 404
 190 -66.772 -34.943 6 7 24 1 6 1 2 4 8 16 32 79 337
 191 -33.374 -62.024 6 1 1 1 6 1 2 4 8 16 32 266 612
 192 -8.649 31.708 14 21 19 1 6 1 2 4 8 16 32 219 413
 193 -26.166 -56.152 14 11 7 1 6 1 2 4 8 16 32 104 412
 194 -39.874 -53.375 22 2 13 1 6 1 2 4 8 16 32 194 414
 195 71.643 -36.981 22 24 4 1 6 1 2 4 8 16 32 114 421
 196 -96.924 8.411 25 25 23 1 6 1 2 4 8 16 32 137 489
 197 -2.911 36.200 13 17 2 1 6 1 2 4 8 16 32 144 339
 198 -53.253 14.099 21 10 24 1 6 1 2 4 8 16 32 96 308
 199 67.316 -39.734 14 18 22 1 6 1 2 4 8 16 32 223 403
 200 -6.525 11.975 18 2 5 1 6 1 2 4 8 16 32 293 521
 201 16.425 33.221 18 12 23 1 6 1 2 4 8 16 32 162 342
 202 -19.061 -56.921 11 4 24 1 6 1 2 4 8 16 32 209 417
 203 25.189 -21.045 10 1 18 1 6 1 2 4 8 16 32 159 488
 204 37.854 -5.524 15 1 1 1 6 1 2 4 8 16 32 224 508
 205 -16.479 48.657 3 6 24 1 6 1 2 4 8 16 32 91 283
 206 2.344 -16.516 2 22 18 1 6 1 2 4 8 16 32 76 386
 207 -48.621 -12.390 12 25 14 1 6 1 2 4 8 16 32 91 377
 208 -42.621 -50.006 18 21 2 1 6 1 2 4 8 16 32 289 646
 209 16.016 11.169 1 18 17 1 6 1 2 4 8 16 32 97 330
 210 -80.408 -60.583 3 14 4 1 6 1 2 4 8 16 32 105 294
 211 -95.068 44.293 4 21 7 1 6 1 2 4 8 16 32 254 450
 212 -6.885 24.884 12 4 24 1 6 1 2 4 8 16 32 223 406
 213 -4.803 21.674 15 1 2 1 6 1 2 4 8 16 32 89 371
 214 7.037 -45.337 22 18 9 1 6 1 2 4 8 16 32 294 612
 215 31.293 -39.905 20 4 15 1 6 1 2 4 8 16 32 265 521
 216 14.984 26.172 16 4 1 1 6 1 2 4 8 16 32 185 431
 217 33.203 -52.289 11 5 10 1 6 1 2 4 8 16 32 276 630
 218 -59.277 39.667 20 15 10 1 6 1 2 4 8 16 32 242 531
 219 30.054 -36.823 13 5 2 1 6 1 2 4 8 16 32 204 526
 220 9.351 -39.044 9 22 13 1 6 1 2 4 8 16 32 211 484
 221 -10.651 54.431 16 21 21 1 6 1 2 4 8 16 32 137 318
 222 20.856 -26.465 7 17 13 1 6 1 2 4 8 16 32 204 560
 223 19.617 17.865 21 8 3 1 6 1 2 4 8 16 32 105 303
 224 -36.981 -92.950 18 4 21 1 6 1 2 4 8 16 32 240 461
 225 -3.760 59.875 4 4 3 1 6 1 2 4 8 16 32 115 424
 226 11.682 -63.336 15 16 25 1 6 1 2 4 8 16 32 85 338
 227 4.468 -36.133 5 5 13 1 6 1 2 4 8 16 32 263 541
 228 47.040 -41.254 24 15 7 1 6 1 2 4 8 16 32 229 576
 229 29.938 -58.710 21 25 17 1 6 1 2 4 8 16 32 286 574
 230 -70.569 -7.037 7 15 14 1 6 1 2 4 8 16 32 201 531
 231 56.262 1.819 24 7 21 1 6 1 2 4 8 16 32 183 538
 232 46.210 -53.522 22 19 15 1 6 1 2 4 8 16 32 119 466
 233 6.366 -14.264 1 11 1 1 6 1 2 4 8 16 32 80 346
 234 -34.540 -39.502 6 13 24 1 6 1 2 4 8 16 32 208 533
 235 -50.537 28.357 4 24 15 1 6 1 2 4 8 16 32 263 474
 236 -61.444 -10.901 14 4 25 1 6 1 2 4 8 16 32 130 415
 237 -30.823 17.902 18 13 10 1 6 1 2 4 8 16 32 246 463
 238 49.658 24.469 16 6 13 1 6 1 2 4 8 16 32 282 556
 239 -69.775 -41.406 1 4 20 1 6 1 2 4 8 16 32 212 395
 240 -18.939 57.690 24 12 20 1 6 1 2 4 8 16 32 187 411
 241 -22.449 15.771 19 4 13 1 6 1 2 4 8 16 32 107 335
 242 -7.599 37.030 19 4 12 1 6 1 2 4 8 16 32 228 549
 243 27.435 17.554 11 25 14 1 6 1 2 4 8 16 32 184 458
 244 45.526 -5.127 9 25 7 1 6 1 2 4 8 16 32 153 364
 245 -33.551 -25.586 3 14 18 1 6 1 2 4 8 16 32 196 415
 246 -4.645 53.754 1 25 25 1 6 1 2 4 8 16 32 126 450
 247 -41.119 -13.361 10 13 25 1 6 1 2 4 8 16 32 98 406
 248 23.010 -45.703 19 13 4 1 6 1 2 4 8 16 32 158 383
 249 17.230 5.096 14 11 13 1 6 1 2 4 8 16 32 164 355
 250 -6.818 -19.873 14 24 4 1 6 1 2 4 8 16 32 93 426
 251 52.966 51.410 24 5 23 1 6 1 2 4 8 16 32 240 493
 252 -28.662 -50.940 16 12 22 1 6 1 2 4 8 16 32 291 583
 253 69.684 -51.520 6 4 4 1 6 1 2 4 8 16 32 156 413
 254 36.884 -17.371 9 5 21 1 6 1 2 4 8 16 32 151 490
 255 -19.659 42.035 20 24 17 1 6 1 2 4 8 16 32 273 613
 256 72.125 65.405 21 17 2 1 6 1 2 4 8 16 32 146 360
 257 -71.368 59.863 8 4 2 1 6 1 2 4 8 16 32 105 409
 258 18.317 -37.750 11 1 5 1 6 1 2 4 8 16 32 172 514
 259 18.121 0.482 13 19 21 1 6 1 2 4 8 16 32 259 515
 260 -1.105 -30.676 24 7 3 1 6 1 2 4 8 16 32 139 493
 261 -44.574 -44.055 15 24 23 1 6 1 2 4 8 16 32 78 422
 262 -28.058 -59.436 6 10 10 1 6 1 2 4 8 16 32 161 396
 263 -7.953 4.639 24 13 7 1 6 1 2 4 8 16 32 96 394
 264 -37.366 -28.528 3 24 3 1 6 1 2 4 8 16 32 272 515
 265 4.388 -38.489 16 3 24 1 6 1 2 4 8 16 32 239 545
 266 -44.592 -35.333 24 14 11 1 6 1 2 4 8 16 32 146 340
 267 -56.714 -39.252 19 2 18 1 6 1 2 4 8 16 32 240 578
 268 13.452 -32.159 5 24 21 1 6 1 2 4 8 16 32 188 407
 269 -20.343 -11.182 11 11 17 1 6 1 2 4 8 16 32 172 514
 270 3.436 -52.734 19 5 16 1 6 1 2 4 8 16 32 156 483
 271 40.576 -54.492 22 14 13 1 6 1 2 4 8 16 32 114 334
 272 31.952 -25.421 23 21 5 1 6 1 2 4 8 16 32 277 626
 273 -57.434 38.525 12 14 16 1 6 1 2 4 8 16 32 221 440
 274 47.510 -42.035 23 15 22 1 6 1 2 4 8 16 32 296 599
 275 -28.143 -41.614 25 3 21 1 6 1 2 4 8 16 32 215 508
 276 -2.258 -5.078 3 15 16 1 6 1 2 4 8 16 32 231 454
 277 -27.167 -27.936 25 15 18 1 6 1 2 4 8 16 32 279 577
 278 -24.048 -47.192 1 21 12 1 6 1 2 4 8 16 32 182 402
 279 -77.521 -55.084 16 17 24 1 6 1 2 4 8 16 32 223 547
 280 -62.036 -43.439 21 18 14 1 6 1 2 4 8 16 32 90 443
 281 -71.936 -20.160 11 15 8 1 6 1 2 4 8 16 32 101 435
 282 -66.504 -39.789 6 19 21 1 6 1 2 4 8 16 32 156 340
 283 14.587 48.444 14 9 4 1 6 1 2 4 8 16 32 90 443
 284 31.366 -29.462 23 10 6 1 6 1 2 4 8 16 32 176 472
 285 6.512 -46.124 9 13 2 1 6 1 2 4 8 16 32 199 439
 286 9.650 39.508 8 25 16 1 6 1 2 4 8 16 32 183 416
 287 16.040 16.681 19 1 11 1 6 1 2 4 8 16 32 244 512
 288 7.745 -75.378 17 11 21 1 6 1 2 4 8 16 32 160 355
 289 -27.173 -4.462 15 25 13 1 6 1 2 4 8 16 32 173 451
