5 6 96 4 2
480 195
 1 30.219 24.786 0 0 0 0 0 0 1000
 2 33.588 30.750 12 4 4 4 1 15 389 536
 3 48.828 65.314 1 12 8 4 1 15 444 558
 4 86.176 59.344 1 3 2 4 1 15 275 412
 5 39.270 -33.057 15 15 3 4 1 15 367 524
 6 -23.370 86.853 10 13 21 4 1 15 413 589
 7 48.132 95.593 12 20 13 4 1 15 66 173
 8 -16.357 93.311 15 21 23 4 1 15 232 357
 9 -57.703 -65.601 16 4 5 4 1 15 473 601
 10 7.147 32.684 18 25 4 4 1 15 351 506
 11 42.950 68.701 9 21 19 4 1 15 302 448
 12 37.085 -2.112 5 7 21 4 1 15 411 574
 13 77.759 55.817 19 3 4 4 1 15 146 279
 14 -17.462 -56.567 11 9 19 4 1 15 214 306
 15 58.575 59.888 12 5 23 4 1 15 128 234
 16 57.776 15.344 13 20 3 4 1 15 158 263
 17 -22.327 36.072 8 21 17 4 1 15 447 573
 18 -7.080 30.493 14 19 18 4 1 15 134 239
 19 55.658 60.425 9 2 15 4 1 15 81 211
 20 -14.307 11.456 2 16 6 4 1 15 418 575
 21 -29.724 24.268 25 18 3 4 1 15 455 586
 22 43.219 0.739 6 24 16 4 1 15 369 517
 23 45.184 35.474 16 24 25 4 1 15 99 190
 24 64.484 2.240 18 8 23 4 1 15 150 277
 25 55.078 72.241 4 16 12 4 1 15 126 298
 26 16.925 15.741 17 19 14 2 2 5 10 429 564
 27 45.038 -3.723 4 12 11 2 2 5 10 254 408
 28 -76.782 5.939 22 9 24 2 2 5 10 255 400
 29 36.169 0.256 12 3 13 2 2 5 10 161 292
 30 29.218 8.936 13 15 1 2 2 5 10 236 329
 31 65.057 5.225 5 4 20 2 2 5 10 176 300
 32 42.175 -22.284 24 24 10 2 2 5 10 298 465
 33 25.574 31.726 12 22 23 2 2 5 10 142 243
 34 31.561 37.262 16 14 13 2 2 5 10 404 577
 35 66.498 -54.169 8 11 10 2 2 5 10 101 273
 36 46.576 -17.938 10 20 5 2 2 5 10 236 365
 37 65.063 40.875 15 5 20 2 2 5 10 391 533
 38 -2.716 24.768 21 11 7 2 2 5 10 354 510
 39 -40.002 3.870 5 12 14 2 2 5 10 183 335
 40 -73.505 57.043 9 7 5 2 2 5 10 392 541
 41 81.146 -25.714 5 1 19 2 2 5 10 425 580
 42 12.006 -7.965 9 23 8 2 2 5 10 170 323
 43 42.761 38.092 20 13 24 2 2 5 10 182 313
 44 3.857 -23.181 14 4 3 2 2 5 10 136 257
 45 -7.367 24.390 24 23 4 2 2 5 10 287 440
 46 35.944 -11.835 23 17 25 2 2 5 10 289 381
 47 52.075 9.692 12 13 4 2 2 5 10 354 483
 48 30.725 30.701 13 9 23 2 2 5 10 284 445
 49 41.223 77.924 19 10 24 2 2 5 10 153 273
 50 68.884 -40.546 21 22 16 1 4 1 2 4 8 310 441
 51 76.312 86.670 5 21 20 1 4 1 2 4 8 186 277
 52 63.934 78.540 9 13 18 1 4 1 2 4 8 400 492
 53 29.150 -9.961 23 25 9 1 4 1 2 4 8 305 469
 54 85.522 39.954 8 8 25 1 4 1 2 4 8 263 378
 55 31.775 3.870 5 20 16 1 4 1 2 4 8 446 587
 56 -20.544 19.086 8 3 4 1 4 1 2 4 8 260 392
 57 55.353 43.817 10 4 12 1 4 1 2 4 8 211 382
 58 35.406 10.278 9 13 3 1 4 1 2 4 8 148 297
 59 25.464 -0.287 21 18 19 1 4 1 2 4 8 133 303
 60 12.396 0.244 12 1 1 1 4 1 2 4 8 407 497
 61 18.359 20.917 8 10 15 1 4 1 2 4 8 70 195
 62 27.960 -15.039 4 16 21 1 4 1 2 4 8 262 384
 63 -3.192 19.879 14 9 4 1 4 1 2 4 8 101 267
 64 9.332 -41.351 19 13 21 1 4 1 2 4 8 147 273
 65 -20.581 38.177 23 23 20 1 4 1 2 4 8 207 300
 66 27.820 28.729 4 14 13 1 4 1 2 4 8 212 382
 67 59.027 42.310 9 5 12 1 4 1 2 4 8 325 454
 68 56.311 58.734 1 1 7 1 4 1 2 4 8 101 198
 69 -51.654 -0.342 21 6 8 1 4 1 2 4 8 418 577
 70 2.576 32.721 20 20 1 1 4 1 2 4 8 400 575
 71 15.131 -3.046 24 10 11 1 4 1 2 4 8 477 591
 72 66.595 34.937 22 19 11 1 4 1 2 4 8 96 212
 73 19.476 20.142 25 24 5 1 4 1 2 4 8 95 220
 74 -1.172 20.648 19 3 22 1 4 1 2 4 8 86 203
 75 -21.204 13.660 14 5 13 1 4 1 2 4 8 453 577
 76 98.846 1.257 11 13 2 1 4 1 2 4 8 355 506
 77 82.593 72.003 22 5 20 1 4 1 2 4 8 407 544
 78 30.017 -30.896 25 4 20 1 4 1 2 4 8 451 629
 79 33.228 41.663 5 12 9 1 4 1 2 4 8 417 544
 80 39.490 -8.539 10 11 22 1 4 1 2 4 8 116 220
 81 54.498 70.813 4 20 21 1 4 1 2 4 8 123 218
 82 3.058 10.248 4 13 13 1 4 1 2 4 8 455 630
 83 51.831 -16.870 6 1 18 1 4 1 2 4 8 385 495
 84 76.416 11.346 22 3 1 1 4 1 2 4 8 402 513
 85 5.243 0.238 17 2 21 1 4 1 2 4 8 203 369
 86 50.592 34.247 22 23 24 1 4 1 2 4 8 213 392
 87 -5.231 -2.081 3 8 2 1 4 1 2 4 8 169 331
 88 24.194 25.836 25 25 5 1 4 1 2 4 8 436 588
 89 33.630 37.585 22 18 13 1 4 1 2 4 8 361 534
 90 31.445 -7.001 23 4 10 1 4 1 2 4 8 113 217
 91 30.707 -28.168 16 5 9 1 4 1 2 4 8 112 258
 92 49.860 1.038 13 21 12 1 4 1 2 4 8 302 443
 93 -35.767 14.142 23 23 10 1 4 1 2 4 8 187 361
 94 -29.309 4.889 1 19 9 1 4 1 2 4 8 299 430
 95 19.049 41.974 11 2 3 1 4 1 2 4 8 85 203
 96 27.600 13.934 19 21 13 1 4 1 2 4 8 196 345
 97 52.832 50.684 21 10 5 1 4 1 2 4 8 229 325
