5 15 240 4 2
420 180
 1 8.681 -10.439 0 0 0 0 0 0 1000
 2 65.991 -49.829 20 10 2 4 1 15 396 492
 3 -36.938 -36.743 20 25 25 4 1 15 176 346
 4 -2.734 18.774 13 18 5 4 1 15 212 304
 5 31.116 -35.907 13 16 1 4 1 15 157 266
 6 2.789 8.008 17 14 18 4 1 15 345 455
 7 31.152 43.665 24 7 13 4 1 15 242 375
 8 -36.304 -21.307 15 9 15 4 1 15 383 506
 9 52.814 35.046 12 16 7 4 1 15 99 261
 10 11.267 20.660 20 24 4 4 1 15 440 592
 11 -0.623 23.114 20 6 20 4 1 15 213 324
 12 43.091 -12.360 3 22 18 4 1 15 280 388
 13 6.854 19.073 8 11 15 4 1 15 343 508
 14 -6.848 25.317 16 19 20 4 1 15 339 500
 15 -27.930 -23.712 20 20 9 4 1 15 325 471
 16 33.240 -30.487 21 20 21 4 1 15 437 573
 17 63.885 -52.881 23 16 15 4 1 15 154 307
 18 -13.672 -43.945 21 5 13 4 1 15 155 269
 19 -0.647 -27.502 3 21 20 4 1 15 290 405
 20 59.406 -49.261 19 19 9 4 1 15 447 579
 21 27.167 -5.713 20 18 20 4 1 15 370 469
 22 70.001 -20.844 7 22 15 4 1 15 382 545
 23 35.327 -65.167 14 19 3 4 1 15 221 313
 24 -14.386 -42.236 24 15 5 4 1 15 338 483
 25 19.366 30.273 3 24 2 4 1 15 94 197
 26 -39.789 10.101 13 20 18 4 1 15 98 190
 27 -15.753 -40.204 1 17 10 4 1 15 231 344
 28 -28.418 -40.503 5 20 19 4 1 15 216 349
 29 27.081 9.735 2 12 13 4 1 15 470 563
 30 22.205 -9.216 9 23 17 4 1 15 150 300
 31 -0.830 -6.525 18 15 6 4 1 15 408 565
 32 10.217 75.531 5 19 15 4 1 15 276 414
 33 7.446 18.500 12 23 24 4 1 15 429 603
 34 48.914 -20.294 11 9 25 4 1 15 415 538
 35 -18.958 -29.675 17 21 16 4 1 15 314 469
 36 16.815 -6.659 21 17 23 4 1 15 344 491
 37 2.509 -30.420 5 6 1 4 1 15 367 486
 38 15.424 4.913 5 10 25 4 1 15 356 503
 39 60.315 89.801 7 9 18 4 1 15 110 236
 40 40.405 -45.367 24 19 1 4 1 15 202 347
 41 -26.837 -54.272 1 17 7 4 1 15 298 451
 42 69.171 72.577 12 22 1 4 1 15 376 492
 43 -22.815 46.173 6 8 19 4 1 15 375 544
 44 -14.258 -30.249 5 25 12 4 1 15 279 416
 45 76.050 12.073 19 13 11 4 1 15 70 219
 46 63.043 60.022 23 1 16 4 1 15 174 286
 47 -20.239 -81.970 8 15 6 4 1 15 184 311
 48 -41.168 -42.023 1 16 3 4 1 15 199 292
 49 79.199 -29.016 20 20 18 4 1 15 354 471
 50 -20.728 -7.068 16 14 21 4 1 15 414 567
 51 -4.163 -53.497 8 2 9 4 1 15 178 268
 52 39.594 -40.460 16 5 24 4 1 15 202 318
 53 -47.125 -77.850 25 16 24 4 1 15 233 335
 54 -1.233 49.182 5 12 9 4 1 15 132 281
 55 -0.372 -27.264 10 1 18 4 1 15 125 258
 56 31.537 -8.722 24 15 17 4 1 15 427 535
 57 -0.134 -20.264 16 5 14 4 1 15 191 297
 58 66.394 -26.691 7 9 16 4 1 15 400 567
 59 6.104 -64.093 14 8 20 4 1 15 201 363
 60 13.544 -20.874 11 2 11 4 1 15 133 310
 61 54.211 -6.537 15 10 25 4 1 15 429 574
 62 22.046 -34.137 23 25 23 2 2 5 10 374 468
 63 -9.723 4.706 5 24 20 2 2 5 10 121 292
 64 -11.584 -46.857 16 7 24 2 2 5 10 232 333
 65 -2.905 -0.305 13 14 1 2 2 5 10 396 549
 66 13.837 -44.452 18 3 15 2 2 5 10 426 577
 67 17.480 27.747 14 23 8 2 2 5 10 324 483
 68 2.972 -43.689 3 21 7 2 2 5 10 306 473
 69 -44.354 -38.202 22 13 13 2 2 5 10 355 454
 70 -59.399 1.514 16 15 25 2 2 5 10 192 367
 71 -13.452 -75.531 16 14 3 2 2 5 10 153 331
 72 -5.518 -51.947 2 7 5 2 2 5 10 194 354
 73 -9.589 -26.880 19 20 6 2 2 5 10 391 535
 74 19.318 29.498 23 6 5 2 2 5 10 334 441
 75 26.245 36.743 6 24 17 2 2 5 10 196 338
 76 43.707 -28.033 11 17 2 2 2 5 10 268 446
 77 -52.026 -35.339 19 3 20 2 2 5 10 197 300
 78 -8.435 -0.116 3 15 6 2 2 5 10 69 220
 79 89.111 62.122 14 6 22 2 2 5 10 364 486
 80 6.067 -16.132 14 21 15 2 2 5 10 391 527
 81 27.094 -5.103 19 25 9 2 2 5 10 66 185
 82 27.527 -15.344 3 18 19 2 2 5 10 84 247
 83 42.511 32.056 18 1 15 2 2 5 10 444 577
 84 25.311 12.689 24 19 25 2 2 5 10 90 209
 85 47.778 -12.769 6 17 10 2 2 5 10 162 267
 86 -3.143 -13.837 1 20 14 2 2 5 10 373 522
 87 12.482 -78.101 3 1 17 2 2 5 10 171 302
 88 -21.039 -3.430 15 13 19 2 2 5 10 351 475
 89 -3.149 -55.432 18 25 9 2 2 5 10 142 266
 90 53.009 84.900 5 16 2 2 2 5 10 118 283
 91 35.638 -47.552 23 5 9 2 2 5 10 98 243
 92 43.427 -18.439 10 18 18 2 2 5 10 318 439
 93 6.598 -54.578 20 17 24 2 2 5 10 422 590
 94 87.952 94.012 11 15 3 2 2 5 10 456 622
 95 39.105 -48.743 16 13 10 2 2 5 10 306 466
 96 -48.340 -26.477 15 15 20 2 2 5 10 255 393
 97 72.003 -9.253 19 2 1 2 2 5 10 439 596
 98 -37.732 3.351 4 1 14 2 2 5 10 474 628
 99 -65.967 -36.749 14 9 1 2 2 5 10 323 455
 100 -16.669 -35.284 23 16 21 2 2 5 10 235 349
 101 10.742 -4.669 11 6 25 2 2 5 10 224 368
 102 15.594 -5.817 21 18 10 2 2 5 10 291 386
 103 21.606 -18.109 14 24 19 2 2 5 10 250 370
 104 9.784 49.280 16 24 24 2 2 5 10 471 616
 105 94.147 -4.492 25 9 19 2 2 5 10 246 357
 106 10.382 -16.302 17 19 7 2 2 5 10 308 440
 107 -1.453 -0.861 16 12 21 2 2 5 10 160 264
 108 -6.219 25.305 13 22 9 2 2 5 10 329 461
 109 -6.250 10.217 23 13 11 2 2 5 10 356 511
 110 -17.444 -70.795 10 20 21 2 2 5 10 410 532
 111 -55.090 -43.854 2 25 2 2 2 5 10 275 454
 112 -9.442 23.724 15 1 2 2 2 5 10 233 331
 113 8.978 35.406 14 24 15 2 2 5 10 367 534
 114 -16.754 -0.812 22 10 16 2 2 5 10 364 460
 115 66.852 -37.842 15 22 13 2 2 5 10 259 429
 116 14.716 -23.724 16 14 15 2 2 5 10 146 314
 117 33.472 20.026 12 12 3 2 2 5 10 155 245
 118 66.394 -70.111 14 23 15 2 2 5 10 178 310
 119 -5.664 8.881 15 14 18 2 2 5 10 133 300
 120 -5.103 -46.729 11 23 17 2 2 5 10 115 265
 121 -8.826 55.743 11 25 16 2 2 5 10 129 240
 122 5.847 -3.186 4 5 7 1 4 1 2 4 8 399 562
 123 -25.726 -37.695 23 7 21 1 4 1 2 4 8 303 418
 124 -15.363 -24.548 13 25 22 1 4 1 2 4 8 330 448
 125 43.793 -11.102 22 11 23 1 4 1 2 4 8 394 572
 126 17.664 -25.604 17 18 3 1 4 1 2 4 8 259 358
 127 -39.624 54.883 2 18 16 1 4 1 2 4 8 267 417
 128 -24.554 -43.225 5 1 25 1 4 1 2 4 8 297 446
 129 -26.892 -12.738 14 7 14 1 4 1 2 4 8 269 442
 130 34.155 -38.458 1 22 18 1 4 1 2 4 8 394 545
 131 -47.314 -29.468 13 7 13 1 4 1 2 4 8 219 378
 132 49.365 -25.592 8 3 15 1 4 1 2 4 8 477 648
 133 3.705 -16.449 24 18 5 1 4 1 2 4 8 289 410
 134 22.430 -23.273 12 8 16 1 4 1 2 4 8 463 584
 135 -37.549 -29.608 23 6 25 1 4 1 2 4 8 74 175
 136 25.549 3.674 1 7 25 1 4 1 2 4 8 92 213
 137 -15.216 3.284 2 20 14 1 4 1 2 4 8 360 523
 138 -12.939 -7.495 8 10 23 1 4 1 2 4 8 80 234
 139 -22.107 26.434 18 2 23 1 4 1 2 4 8 122 296
 140 -17.944 7.733 14 3 14 1 4 1 2 4 8 339 469
 141 -21.234 14.490 23 10 15 1 4 1 2 4 8 390 506
 142 3.503 -19.708 14 5 19 1 4 1 2 4 8 112 207
 143 32.599 -14.935 4 25 15 1 4 1 2 4 8 374 492
 144 -5.737 -28.296 24 23 3 1 4 1 2 4 8 411 532
 145 -6.128 -39.624 9 21 10 1 4 1 2 4 8 442 578
 146 -2.460 12.817 15 13 7 1 4 1 2 4 8 144 272
 147 -6.470 8.466 10 1 7 1 4 1 2 4 8 265 439
 148 -37.891 -36.115 3 11 14 1 4 1 2 4 8 190 346
 149 10.852 -18.750 12 6 22 1 4 1 2 4 8 423 595
 150 50.104 8.636 6 9 1 1 4 1 2 4 8 91 201
 151 46.844 4.712 1 17 5 1 4 1 2 4 8 418 513
 152 19.598 -10.406 24 13 14 1 4 1 2 4 8 356 449
 153 -38.947 52.942 3 23 25 1 4 1 2 4 8 127 282
 154 -0.641 -21.289 4 19 22 1 4 1 2 4 8 79 179
 155 40.906 -33.765 7 11 20 1 4 1 2 4 8 144 312
 156 -0.574 -62.299 21 12 23 1 4 1 2 4 8 358 450
 157 -9.778 26.794 1 18 14 1 4 1 2 4 8 82 226
 158 34.265 -23.895 24 25 11 1 4 1 2 4 8 273 391
 159 29.572 -24.561 5 13 2 1 4 1 2 4 8 357 473
 160 16.376 -58.887 23 24 1 1 4 1 2 4 8 102 268
 161 61.877 -15.167 5 5 16 1 4 1 2 4 8 227 369
 162 40.088 -9.625 17 14 19 1 4 1 2 4 8 230 345
 163 0.122 -4.645 24 18 22 1 4 1 2 4 8 129 229
 164 -8.929 -43.903 23 25 10 1 4 1 2 4 8 331 450
 165 -7.135 -57.434 3 11 19 1 4 1 2 4 8 234 357
 166 7.550 -21.210 5 18 18 1 4 1 2 4 8 306 461
 167 3.949 7.300 22 23 19 1 4 1 2 4 8 344 474
 168 -15.118 92.023 9 22 7 1 4 1 2 4 8 429 583
 169 84.821 -24.518 23 20 15 1 4 1 2 4 8 182 278
 170 -52.325 30.682 15 11 6 1 4 1 2 4 8 61 152
 171 7.538 13.818 15 11 24 1 4 1 2 4 8 148 302
 172 -21.484 30.359 11 19 12 1 4 1 2 4 8 380 543
 173 36.047 29.883 20 13 8 1 4 1 2 4 8 349 462
 174 12.781 -40.942 10 24 22 1 4 1 2 4 8 403 497
 175 -17.291 -10.254 24 6 22 1 4 1 2 4 8 70 234
 176 -10.541 12.402 10 5 7 1 4 1 2 4 8 146 274
 177 -15.845 -59.460 6 24 20 1 4 1 2 4 8 106 231
 178 29.266 -2.222 22 7 17 1 4 1 2 4 8 205 325
 179 -12.598 -58.929 25 13 5 1 4 1 2 4 8 476 639
 180 -17.303 -35.297 11 25 5 1 4 1 2 4 8 254 364
 181 57.050 -50.354 6 15 24 1 4 1 2 4 8 123 275
 182 26.941 17.444 9 15 12 1 4 1 2 4 8 447 588
 183 -6.195 -8.881 6 16 5 1 4 1 2 4 8 382 555
 184 16.980 -16.321 12 5 19 1 4 1 2 4 8 240 418
 185 83.710 -32.520 4 15 18 1 4 1 2 4 8 318 436
 186 12.451 34.589 24 24 20 1 4 1 2 4 8 308 448
 187 15.057 67.004 18 15 13 1 4 1 2 4 8 423 597
 188 25.818 -5.835 3 9 2 1 4 1 2 4 8 382 487
 189 13.666 -14.832 18 19 16 1 4 1 2 4 8 272 442
 190 48.322 -5.164 17 15 2 1 4 1 2 4 8 359 496
 191 13.489 19.739 23 2 12 1 4 1 2 4 8 299 473
 192 -18.512 65.405 10 3 25 1 4 1 2 4 8 463 640
 193 17.554 38.379 22 18 25 1 4 1 2 4 8 443 584
 194 37.775 -16.003 5 20 17 1 4 1 2 4 8 238 394
 195 47.968 -30.310 16 14 16 1 4 1 2 4 8 381 510
 196 38.806 36.243 10 10 1 1 4 1 2 4 8 142 284
 197 -16.089 -42.841 10 6 13 1 4 1 2 4 8 373 483
 198 28.656 -1.990 9 17 10 1 4 1 2 4 8 469 611
 199 -5.859 -1.862 5 20 24 1 4 1 2 4 8 313 489
 200 60.516 63.416 9 3 17 1 4 1 2 4 8 123 301
 201 63.196 -47.766 12 14 6 1 4 1 2 4 8 209 320
 202 -15.308 -23.285 16 12 17 1 4 1 2 4 8 456 632
 203 -2.875 0.787 8 2 14 1 4 1 2 4 8 91 256
 204 32.056 -10.175 1 11 11 1 4 1 2 4 8 329 421
 205 -18.634 -25.665 1 16 6 1 4 1 2 4 8 75 213
 206 -3.632 25.433 18 18 24 1 4 1 2 4 8 198 298
 207 10.480 22.888 22 14 1 1 4 1 2 4 8 242 379
 208 1.819 -3.009 20 6 23 1 4 1 2 4 8 124 298
 209 -25.275 -12.183 4 12 13 1 4 1 2 4 8 225 322
 210 56.927 -75.507 15 21 24 1 4 1 2 4 8 277 435
 211 13.885 -36.230 7 1 6 1 4 1 2 4 8 273 382
 212 32.520 -29.523 25 18 22 1 4 1 2 4 8 162 263
 213 4.803 -7.288 3 17 9 1 4 1 2 4 8 307 453
 214 11.365 -8.344 22 15 18 1 4 1 2 4 8 108 257
 215 17.126 -24.646 5 4 12 1 4 1 2 4 8 431 598
 216 -33.661 -41.241 1 18 6 1 4 1 2 4 8 401 534
 217 -32.391 -50.885 9 22 13 1 4 1 2 4 8 254 431
 218 23.041 -14.496 16 16 11 1 4 1 2 4 8 342 477
 219 -21.857 -39.502 23 14 15 1 4 1 2 4 8 468 609
 220 32.013 77.332 5 25 3 1 4 1 2 4 8 171 344
 221 13.831 -76.190 5 15 14 1 4 1 2 4 8 282 419
 222 -8.051 -21.179 6 6 18 1 4 1 2 4 8 170 282
 223 25.391 46.613 16 7 17 1 4 1 2 4 8 448 567
 224 49.536 -54.639 25 21 15 1 4 1 2 4 8 283 407
 225 63.416 -8.636 1 3 6 1 4 1 2 4 8 418 529
 226 2.301 -5.536 25 15 4 1 4 1 2 4 8 464 621
 227 52.423 29.895 17 24 8 1 4 1 2 4 8 251 359
 228 9.296 -16.254 11 2 12 1 4 1 2 4 8 468 577
 229 34.845 -96.185 24 17 20 1 4 1 2 4 8 390 563
 230 -21.063 -41.498 10 2 20 1 4 1 2 4 8 132 295
 231 28.448 10.242 12 25 18 1 4 1 2 4 8 282 442
 232 16.254 -22.583 17 15 18 1 4 1 2 4 8 123 290
 233 -36.639 -34.033 18 3 21 1 4 1 2 4 8 310 401
 234 -27.356 -50.177 5 1 23 1 4 1 2 4 8 416 561
 235 -53.705 11.334 16 1 12 1 4 1 2 4 8 438 538
 236 26.276 -5.994 9 20 16 1 4 1 2 4 8 268 447
 237 -31.519 34.589 6 19 6 1 4 1 2 4 8 461 600
 238 -14.612 -31.506 1 2 11 1 4 1 2 4 8 305 440
 239 -4.242 -30.865 4 9 25 1 4 1 2 4 8 298 471
 240 -18.524 -29.486 20 4 24 1 4 1 2 4 8 404 582
 241 -17.133 -19.397 19 16 11 1 4 1 2 4 8 194 345
