6 1 72 6 2
500 200
 1 42.395 -8.344 0 0 0 0 0 0 1000
 2 -92.700 -59.180 8 20 13 1 6 1 2 4 8 16 32 94 327
 3 71.179 12.543 15 6 20 1 6 1 2 4 8 16 32 206 531
 4 31.537 66.638 20 19 13 1 6 1 2 4 8 16 32 294 651
 5 -4.694 25.537 7 10 2 1 6 1 2 4 8 16 32 261 563
 6 -30.194 67.773 13 18 23 1 6 1 2 4 8 16 32 85 406
 7 12.677 -57.471 6 1 10 1 6 1 2 4 8 16 32 87 309
 8 -32.355 -20.966 5 15 9 1 6 1 2 4 8 16 32 104 439
 9 19.910 48.975 1 23 5 1 6 1 2 4 8 16 32 226 449
 10 13.202 -19.135 12 13 9 1 6 1 2 4 8 16 32 270 551
 11 54.877 -41.168 18 12 3 1 6 1 2 4 8 16 32 268 599
 12 15.063 -25.171 25 7 21 1 6 1 2 4 8 16 32 127 351
 13 -50.598 -16.418 14 25 15 1 6 1 2 4 8 16 32 139 340
 14 -29.730 17.078 18 5 15 1 6 1 2 4 8 16 32 126 481
 15 17.542 1.575 13 1 10 1 6 1 2 4 8 16 32 192 453
 16 11.127 77.216 6 25 10 1 6 1 2 4 8 16 32 155 467
 17 33.752 71.259 14 10 1 1 6 1 2 4 8 16 32 195 379
 18 -56.012 -10.394 10 2 16 1 6 1 2 4 8 16 32 151 403
 19 57.874 -16.290 18 7 20 1 6 1 2 4 8 16 32 298 578
 20 10.718 -18.787 8 11 8 1 6 1 2 4 8 16 32 272 490
 21 53.088 -18.750 6 4 1 1 6 1 2 4 8 16 32 221 529
 22 1.569 7.532 2 6 25 1 6 1 2 4 8 16 32 196 544
 23 31.531 48.944 4 15 6 1 6 1 2 4 8 16 32 219 411
 24 -66.833 -37.854 4 7 15 1 6 1 2 4 8 16 32 73 332
 25 -70.740 62.244 23 8 7 1 6 1 2 4 8 16 32 82 303
 26 32.538 23.096 12 10 23 1 6 1 2 4 8 16 32 282 630
 27 -51.453 -36.444 24 9 23 1 6 1 2 4 8 16 32 195 550
 28 36.456 -22.638 17 4 22 1 6 1 2 4 8 16 32 128 405
 29 -31.207 43.494 18 6 7 1 6 1 2 4 8 16 32 186 537
 30 -10.388 34.491 25 22 12 1 6 1 2 4 8 16 32 72 335
 31 14.722 -10.834 22 17 1 1 6 1 2 4 8 16 32 178 512
 32 47.095 -21.387 10 9 9 1 6 1 2 4 8 16 32 180 433
 33 43.781 34.766 25 25 5 1 6 1 2 4 8 16 32 144 430
 34 53.546 -67.487 21 10 23 1 6 1 2 4 8 16 32 113 400
 35 26.801 46.515 21 18 20 1 6 1 2 4 8 16 32 226 465
 36 63.385 11.981 16 21 20 1 6 1 2 4 8 16 32 66 411
 37 47.192 -5.475 23 10 19 1 6 1 2 4 8 16 32 173 357
 38 -16.315 -11.267 21 23 15 1 6 1 2 4 8 16 32 283 573
 39 78.900 17.651 15 23 22 1 6 1 2 4 8 16 32 261 489
 40 79.822 22.272 7 11 23 1 6 1 2 4 8 16 32 254 446
 41 12.878 16.919 20 1 12 1 6 1 2 4 8 16 32 179 538
 42 -67.981 -3.754 6 23 10 1 6 1 2 4 8 16 32 253 440
 43 9.198 -18.597 16 16 15 1 6 1 2 4 8 16 32 165 524
 44 -35.950 -19.141 10 10 4 1 6 1 2 4 8 16 32 72 425
 45 28.766 45.276 7 12 25 1 6 1 2 4 8 16 32 142 452
 46 11.469 68.231 20 12 17 1 6 1 2 4 8 16 32 277 564
 47 -22.760 45.496 9 3 2 1 6 1 2 4 8 16 32 203 439
 48 -65.674 -23.120 12 22 12 1 6 1 2 4 8 16 32 97 402
 49 7.239 1.599 10 21 11 1 6 1 2 4 8 16 32 96 340
 50 -29.785 -11.285 19 13 25 1 6 1 2 4 8 16 32 155 513
 51 -89.050 16.211 6 15 10 1 6 1 2 4 8 16 32 96 340
 52 -46.887 -3.363 14 13 7 1 6 1 2 4 8 16 32 85 280
 53 -14.972 30.621 23 20 11 1 6 1 2 4 8 16 32 212 448
 54 -17.035 49.774 8 10 13 1 6 1 2 4 8 16 32 197 488
 55 31.635 53.619 10 25 4 1 6 1 2 4 8 16 32 101 359
 56 -3.577 13.342 14 7 13 1 6 1 2 4 8 16 32 104 337
 57 33.008 58.960 3 15 8 1 6 1 2 4 8 16 32 243 511
 58 -92.950 63.263 25 2 21 1 6 1 2 4 8 16 32 129 329
 59 -9.137 -22.931 21 23 10 1 6 1 2 4 8 16 32 267 563
 60 -39.960 6.195 5 5 20 1 6 1 2 4 8 16 32 81 325
 61 28.430 -19.214 2 25 13 1 6 1 2 4 8 16 32 264 512
 62 -28.540 -3.485 3 9 25 1 6 1 2 4 8 16 32 243 563
 63 31.415 36.859 21 2 18 1 6 1 2 4 8 16 32 256 508
 64 -49.426 60.602 1 24 19 1 6 1 2 4 8 16 32 155 423
 65 -72.827 -27.765 25 13 6 1 6 1 2 4 8 16 32 298 478
 66 60.083 -45.905 21 20 10 1 6 1 2 4 8 16 32 234 577
 67 10.870 -3.900 21 13 24 1 6 1 2 4 8 16 32 218 552
 68 25.122 7.672 25 15 25 1 6 1 2 4 8 16 32 164 417
 69 -46.997 -17.474 14 4 4 1 6 1 2 4 8 16 32 276 592
 70 16.058 33.020 20 20 6 1 6 1 2 4 8 16 32 291 642
 71 25.409 -11.700 14 8 2 1 6 1 2 4 8 16 32 69 277
 72 68.323 -5.145 11 19 7 1 6 1 2 4 8 16 32 181 429
 73 -13.104 62.158 25 20 18 1 6 1 2 4 8 16 32 81 286
